SGOF
0.0000	0.0000	1.0000	0.0000	
0.0500	0.0112	0.9259	0.0000	
0.1000	0.0316	0.8538	0.0000	
0.1500	0.0581	0.7837	0.0000	
0.2000	0.0894	0.7155	0.0000	
0.2500	0.1250	0.6495	0.0000	
0.3000	0.1643	0.5857	0.0000	
0.3500	0.2071	0.5240	0.0000	
0.4000	0.2530	0.4648	0.0000	
0.4500	0.3019	0.4079	0.0000	
0.5000	0.3536	0.3536	0.0000	
0.5500	0.4079	0.3019	0.0000	
0.6000	0.4648	0.2530	0.0000	
0.6500	0.5240	0.2071	0.0000	
0.7000	0.5857	0.1643	0.0000	
0.7500	0.6495	0.1250	0.0000	
0.8000	0.7155	0.0894	0.0000	
0.8500	0.7837	0.0581	0.0000	
0.9000	0.8538	0.0316	0.0000	
0.9500	0.9259	0.0112	0.0000	
1.0000	1.0000	0.0000	0.0000	
/
