MULTZ
 2.500152
15649.469429
754857.741480
1133472.403505
34.964452
85.920008
693.263871
 2.523563
 1.027406
298.070334
13477.462480
18.465533
414.071962
18998.341875
 0.034978
399.516676
27377.378032
121729.310477
 7.829381
38.448700
297.129785
 4.519631
 3.679791
1035.172231
79609.392446
69.838656
1255.389551
94.334608
246.651691
4167.181040
 0.009766
122.261480
11794.652211
35421.012610
 2.185278
10.740001
173.315968
 1.261781
 2.054812
1192.281336
107819.699843
295.448526
13250.302768
1215893.879993
 4.477187
102276.269109
20127880.490710
36647348.075573
1002.705600
2462.030545
12376.869384
72.326846
29.444506
4202.584636
169038.931051
139.812000
2699.115458
338.012239
495.515253
12410.912018
 0.034996
438.070712
29990.993502
101883.020140
 7.823912
38.476945
617.993415
 4.521343
 3.681537
1065.894136
35134.527001
63.425468
1478.219221
38929.343307
 0.069972
831.422328
78624.533167
286307.406840
15.667275
76.938455
773.554336
 9.040856
 7.361127
2101.292318
338077.862102
559.247999
21592.923660
5408.195818
15856.488093
794298.369162
 4.479440
112146.102325
2432579.029361
5658490.184046
986.098187
2453.127027
18142.874621
72.329611
29.452091
4109.349668
11741.057611
72.144637
2767.454029
8814.815312
 0.015410
191.805145
33947.254453
78588.111441
 3.451784
16.950750
257.735327
 1.991042
 1.621181
470.577047
39992.279901
30.817698
649.026288
675.289725
109.656970
6070.236309
 0.069991
874.938549
9502.261833
44206.954563
15.407784
76.660220
1133.929664
 9.041201
 7.363023
2054.674834
23482.115223
288.578546
22139.632234
141037.044994
 0.493134
12275.529255
4345248.570034
20118556.528901
1355.987330
3329.464519
18361.121676
97.799107
39.814744
5707.412348
232774.138258
94.547551
932.919546
148.843361
167.718869
4898.593632
 0.015411
192.901940
11015.326763
39523.006935
 3.443383
16.941545
271.229584
 1.991038
 1.621227
468.725699
13037.865027
27.159140
649.298240
13254.720774
 0.023654
284.428623
30477.530805
102052.513637
 5.296826
26.011442
286.892526
 3.056222
 2.488422
713.426543
58193.534565
47.273776
1865.839092
595.373442
1341.750950
78377.498115
 0.493149
12345.724183
1409961.825642
10117889.775304
1355.670135
3330.566473
26920.631169
97.815046
39.822840
5781.091992
151651.685697
90.924112
1004.498899
63702.796386
 0.119900
1321.391512
73028.123211
365892.012469
26.829894
131.758035
836.507034
15.493311
12.613936
3500.704777
258815.273890
239.230224
4039.295928
228.533947
842.129969
10917.241494
 0.023659
296.190991
33681.761339
94409.595064
 5.295586
26.020051
420.634862
 3.056720
 2.488927
722.636499
37912.921424
45.462056
2008.997799
254811.185545
 0.959197
21142.264190
2336899.942745
23417088.798003
3434.226414
33730.057039
195352.351394
793.670227
323.116862
46815.529910
1977871.979905
767.716764
8010.488870
2316.550932
341.328444
16827.975492
 0.119985
1500.935612
28336.069698
125378.112014
26.619623
131.671350
2028.490453
15.500488
12.622369
3587.860768
34747.552236
158.124846
4902.513984
27373.381438
 0.047991
594.468727
96365.907018
238795.566964
10.749179
52.786276
763.095123
 6.200549
 5.048701
1462.985310
123616.998744
95.964596
2002.622217
1158.275466
682.656888
67311.901968
 0.959879
24014.969800
906754.230337
8024199.168888
3407.311791
33707.865640
214309.739049
793.671498
323.133429
46536.762792
456950.467643
630.012974
8033.465181
51341.889090
 0.045394
554.257625
71852.127265
210360.093033
10.166236
49.923769
627.877012
 5.865027
 4.775452
1376.700338
114341.692520
90.747118
1842.800179
463.490123
322.377578
11937.364759
 0.047994
600.668854
23743.129924
93302.563663
10.706942
52.740530
837.147418
 6.200559
 5.048960
1454.273837
28559.404228
78.751622
2008.366295
25670.944545
 0.090787
2217.030501
574817.018124
3365761.488522
325.319543
3195.121191
80368.257544
1501.446974
1130.830263
163033.883997
6774792.617472
2686.148988
27301.959031
3507.470226
1192.868007
22298.073985
 0.045400
568.195641
22059.051777
87017.000345
10.127256
49.888560
791.479459
 5.865388
 4.776043
1375.360286
26551.018741
74.193094
1899.045028
23753.464990
 0.041989
512.971008
67007.658458
195097.620214
 9.403836
46.179812
583.701542
 5.425163
 4.417306
1273.702219
105856.134648
83.942156
1706.372439
438.433778
298.217002
11149.036992
 0.090799
2272.782565
176472.414217
1392272.005514
324.072198
3192.867813
101309.370689
1501.539212
1130.965671
161842.758961
1061615.744453
1972.859776
27794.781658
109195.946264
 0.095980
591.760697
44434.279740
116693.079170
 5.374273
26.391612
364.421747
 3.100215
 2.524293
730.292586
61371.431372
47.977284
992.588625
405.478238
170.581034
7616.420777
 0.041995
525.461429
13616.758220
57770.492287
 9.343674
46.117694
721.508193
 5.425336
 4.417835
1264.396554
16587.746007
61.651868
1737.173854
13649.493283
 0.023995
295.880349
88868.559480
466772.316682
42.994184
422.265788
11661.495915
198.413769
323.109515
186954.902136
47014115.393621
20435.903930
185691.399454
7417.353629
9026.766836
80367.998640
 0.095988
600.823566
27899.508282
85053.940395
 5.369107
26.389193
425.662713
 3.100375
 2.524483
732.258780
31981.232130
45.187334
1017.072939
43589.672571
 0.079953
918.832681
65727.552047
284972.476600
17.897264
87.890147
704.952893
10.330873
 8.411229
2371.623108
183648.888256
159.655499
2901.428116
231.792301
564.172927
10045.999830
 0.023997
300.411783
55799.016564
340215.761579
42.952859
422.227090
13621.206828
198.423978
323.133844
187458.247651
10440761.700639
16172.442355
213409.247662
1128709.939766
 0.995322
6103.311164
421341.651733
589014.357554
13.932313
68.417934
896.367801
 8.037410
 6.544284
1889.619594
157768.229855
124.369908
2546.674662
772.436015
441.987799
17723.974187
 0.079990
1001.036940
33723.245428
136850.852594
17.829229
87.881855
1388.266002
10.334168
 8.414930
2418.682490
40784.225393
126.347206
3334.519495
35272.185618
 0.062208
762.913895
105335.412933
294507.178777
27.864626
273.671737
7170.942410
128.598561
209.417101
120935.654003
20194333.421483
31838.696401
994900.130885
76913.878634
44823.527599
642395.845184
 0.995431
6230.064305
182221.332542
324665.999257
13.902230
68.395054
1095.492606
 8.037901
 6.544953
1892.644666
53851.485224
110.079178
2622.202060
55312.154261
 0.098789
1186.278039
125192.592925
423586.665017
22.121633
108.634078
1185.060842
12.764146
10.392746
2978.107573
242533.397051
197.431157
3886.328636
600.889677
700.367619
20074.870162
 0.062214
778.758038
45555.333136
162332.999628
27.804460
273.580215
8763.940846
128.606412
209.438485
121129.258608
6892990.108633
28180.269611
1051252.043512
4883572.486511
 4.299852
26434.613464
1897174.617879
2576953.861033
60.189613
147.787613
992.176053
 8.680497
 7.067919
2042.696817
171073.852574
134.327505
2763.999149
954.138189
477.479494
20118.201117
 0.098811
1236.497305
37209.960627
154099.975680
22.008705
108.540933
1708.006017
12.765641
10.394910
2982.700847
45151.929120
151.496328
4106.453295
38152.910051
 0.067185
826.081671
118573.413617
322119.232629
15.047403
73.893806
1984.352107
34.721990
56.543351
32683.149080
5474363.282353
8596.960341
353791.891074
244259.376363
152546.279079
2481184.368418
 4.300262
26912.318214
660768.082723
1234252.488659
60.018239
147.709467
1178.673066
 8.680873
 7.068547
2040.831421
49239.155194
115.287898
2823.867246
47264.757643
 0.083975
1017.238674
118902.555640
374816.825130
18.805572
92.349500
1083.050227
10.849933
 8.834231
2539.532477
208951.323864
167.851067
3358.262950
648.931089
595.883903
19384.252878
 0.067192
841.009944
41298.005170
154281.561082
15.004560
73.854733
2357.346131
34.723491
56.548375
32653.302737
1575652.966221
7378.425477
361455.007542
12099777.956579
11.025520
68082.644948
5243720.969462
6754683.890948
154.341204
378.963969
2657.135932
11.129050
 4.530818
1311.517170
110420.798661
86.116150
1786.890940
810.912830
306.222117
14128.357116
 0.083989
1050.851396
24769.836645
106548.670023
18.673021
92.217928
1436.790565
10.850584
 8.835666
2524.159054
30240.623175
119.666458
3462.887916
24521.875158
 0.043068
531.895664
81933.140148
211083.871592
 9.646325
47.370496
664.283983
 5.564525
 9.061635
5246.068678
883366.389284
1377.858402
57180.510084
51898.421101
39196.431016
3616859.421657
11.026313
69018.704893
3474968.183114
5128183.812897
154.215680
378.937407
3059.022645
11.129570
 4.531124
1314.843833
61813.675203
81.800533
1826.865570
90757.173427
 0.167887
1902.854486
123889.069181
567319.670239
37.576948
184.534065
1363.037863
21.693464
17.662253
4954.233510
377736.242556
335.160976
5942.933751
416.042346
1182.872102
18769.447744
 0.043072
539.208632
54296.377861
160255.744153
 9.638480
47.367176
764.755661
 5.564785
 9.062248
5259.375333
494509.401624
1308.808522
58459.698236
5808459.099316
21.489541
487130.748427
66660603.594763
98953067.671106
2407.319927
5910.866428
36697.324722
173.603761
70.676188
10182.334011
422137.343511
335.753278
6800.031621
1622.240384
1192.613934
43101.016997
 0.167979
2102.381846
86867.314175
338079.430212
37.482536
184.601849
2933.703361
21.702005
17.671361
5092.646812
104315.528193
278.332275
7036.011870
94901.648103
 0.167955
2047.840721
260392.982792
773070.841181
37.614374
184.714576
2293.582795
21.700470
17.669047
5091.167005
844274.687022
1343.013111
54400.252969
25955.846144
38163.645894
2758465.087818
21.501307
538209.752574
9160255.908942
20496770.258621
2382.384370
5897.202802
45149.420023
173.603348
70.685228
10018.609336
43955.157171
212.670664
6830.031069
34240.054444
 0.059989
743.937014
123052.702296
300234.160481
13.436672
65.983799
965.208777
 7.750723
 6.310912
1829.483221
154796.852033
119.958878
2508.789339
1621.454770
426.712579
21600.451740
 0.167979
2101.095591
35782.249644
160131.017645
37.224756
184.287588
2821.838751
21.700418
17.671307
5009.304668
87910.314342
850.682655
54640.248555
547840.871109
 1.919664
47611.968914
15750745.893908
76859945.083042
9623.330637
23629.119126
103100.881417
694.275870
282.637272
40042.382076
1573731.320951
670.770792
6241.328526
579.471838
1186.548486
23883.651315
 0.059992
751.014859
63298.912123
200197.160509
13.419810
65.969409
1062.798319
 7.750919
 6.311207
1829.674271
73112.867751
111.723848
2540.221478
92285.885540
 0.167913
1955.365851
154637.709997
631023.124904
37.591135
184.602493
1610.951272
21.696121
17.664829
5005.297760
393432.830238
335.385396
12482.657052
2317.887350
9492.387891
382138.421038
 1.919760
48064.950961
8102260.751713
51250473.090363
9588.151802
23624.560449
186933.625390
694.458530
282.741682
40665.999024
362024.211422
538.201382
7012.513633
79292.807228
 0.139966
1714.039662
231663.848942
657939.287334
31.347106
153.937467
1989.373227
18.084061
14.724531
4249.389276
354173.731067
279.822818
5714.054431
1622.153056
994.315573
38808.861592
 0.167979
2102.238851
74974.198871
300923.186942
37.453718
184.566879
2920.837897
21.701829
17.671355
5083.249878
90506.052855
269.100691
14025.027266
317171.228914
 1.119729
27424.634592
7413243.166129
42108114.389384
4012.429550
39407.991637
209278.082281
841.774862
342.701356
49670.148404
2100916.780871
814.263103
8511.839444
2702.460970
362.052469
18253.307076
 0.139982
1750.942749
30313.734365
135422.508012
31.026557
153.580252
2354.025654
18.083719
14.726091
4176.319064
37227.662678
178.394587
5696.324812
29049.166710
 0.050900
631.109762
104068.624075
254519.378014
11.400787
55.986131
817.492509
 6.576366
 5.354709
1552.192138
131307.298804
101.782888
2127.959861
1351.230485
724.104938
73013.228304
 1.119859
28015.083986
970039.499679
8667040.512743
3971.399303
39316.544558
223409.479702
841.745739
342.716813
48998.963653
307028.821360
589.020252
8408.957976
31341.833537
 0.027535
339.809738
51704.563546
134450.994385
 6.167263
30.285767
421.549230
 3.557636
 2.896741
838.284915
70514.787763
55.056921
1140.800999
491.475747
195.765675
8889.809570
 0.050903
636.901616
15734.517187
67230.808174
11.321388
55.895024
872.693280
 6.576139
 5.354950
1531.217614
19189.301335
73.627531
2102.239494
15670.916768
 0.055071
1359.238950
413636.508364
2151215.910158
197.352417
1938.289099
53958.301380
910.754813
2153.396914
304785.626788
11943068.486919
5110.308720
47326.667574
2127.903963
2259.423562
22170.997395
 0.027538
344.729642
29673.766070
93121.581062
 6.160219
30.281410
487.982268
 3.557801
 2.896948
839.951084
34219.917157
51.410739
1166.257729
43875.275561
 0.079957
928.685824
71936.595296
297307.751770
17.899897
87.902845
754.057722
10.331366
 8.411707
2381.137709
186610.445108
159.697148
2957.916723
265.987995
564.855891
11085.498697
 0.055075
1378.918570
237390.128557
1489945.296990
197.127004
1938.010241
62461.730343
910.796950
2154.222718
310135.939189
2963797.858816
4173.082801
53522.305707
330545.298563
 0.292100
1784.808778
117082.535655
339813.134419
16.354564
80.313041
1018.050153
 9.435078
 7.682283
2215.386932
184187.160621
145.987422
2969.376491
772.475618
518.655879
19497.452995
 0.079990
1001.101786
38460.188543
152050.081578
17.842289
87.897712
1394.077545
10.334248
 8.414932
2422.937025
46309.341544
130.408838
3345.144107
41318.162320
 0.073025
892.404389
234165.071310
1359252.537678
130.836512
1285.008654
32577.604903
603.845017
983.332223
567139.054679
16330259.313511
6322.611411
66178.260511
22558.420751
2811.434112
72008.459107
 0.292137
1826.942450
14800.632137
66575.064610
16.175003
80.113179
1222.831838
 9.434905
 7.683175
2174.863590
18195.419311
90.606799
2962.038350
14103.087834
 0.024702
306.481874
51155.007666
123944.527976
 5.532783
27.169973
399.534400
 3.191481
 2.598617
753.453235
63790.075443
49.395402
1034.035320
704.950648
175.714632
9001.057388
 0.073034
913.471225
29601.264274
266300.258439
129.400026
1281.810859
39130.618816
603.833892
983.446396
556765.078930
4658945.746715
5430.987270
66450.506319
560093.562239
 0.497628
3013.312234
175587.807622
277330.691379
 6.965005
34.203412
400.305645
 4.018490
 3.271933
940.484784
77360.636697
62.166711
1243.235642
238.577984
220.691943
7152.723611
 0.024703
309.195451
15267.752949
56957.145167
 5.516507
27.152627
433.392080
 3.191498
 2.598730
750.346542
18199.006823
42.429588
1038.289161
17502.923820
 0.031102
376.664029
43896.951905
138665.345690
13.930009
136.813647
3202.445157
64.295833
104.701864
60191.026186
9902161.497265
15914.678084
226648.703220
38448.505704
9794.108508
205024.256828
 0.497715
3114.169046
47575.370843
98254.766865
 6.929362
34.171140
538.012197
 4.018817
 3.272472
939.224393
14426.218649
47.892012
1293.334416
12226.115317
 0.021534
264.683450
37803.058573
103078.072748
 4.822865
23.683814
317.011806
 2.782207
 2.265355
654.633493
54803.664062
43.053365
885.346497
300.378951
153.032945
6407.008026
 0.031107
389.271131
11893.842711
49127.383432
13.858724
136.684559
4304.097576
64.301077
104.719098
60110.361182
1846555.987025
12260.355184
233331.271338
3949627.015053
 3.582244
20962.414095
863710.561700
1717799.063848
50.124955
123.076627
555.348945
 7.232201
 5.888433
1671.565159
132142.659216
111.808744
2099.610381
208.013993
395.739792
8376.180567
 0.021536
269.592558
21755.480412
69899.940434
 4.816857
23.680710
381.283339
 2.782378
 2.265561
656.638412
25208.778289
39.894703
911.450279
30856.461055
 0.055973
655.075440
53981.910106
214724.882981
12.531239
61.538313
1110.697889
28.928805
47.107461
26745.042541
4228565.094928
7155.759615
268750.128713
53251.582185
21548.913644
600093.633138
 3.583548
22396.968636
116961.031302
272794.464003
49.269068
122.634158
903.605432
 7.232905
 5.890416
1640.924981
9035.936024
56.558981
2207.272099
6767.263803
 0.011829
147.265929
26184.146751
60399.300777
 2.649617
13.011530
198.349020
 1.528336
 1.244429
361.248520
30709.759678
23.655967
498.426154
540.203936
84.175444
4688.231509
 0.055993
699.905270
7310.064456
34099.308000
12.317267
61.317079
1807.210863
28.931619
47.123331
26254.799695
289149.952782
3619.774785
282530.828655
1732419.533613
10780.939706
351289.046616
1544460.463569
6965213.855310
61702.709696
154256.774241
1372.222838
13722.228383
4690.399616
18808.916491
366714.724040
19400.391852
4814.609441
57.136520
14786.884034
3395.068574
 0.005915
74.052715
14786.884034
31111.604007
 1.324905
 6.506229
105.625670
 0.764186
 0.622232
180.991461
15491.922665
11.829507
251.968504
212209.530147
42.113046
2744.445677
24132.194743
217662.932978
3856.419356
19282.096780
343.055710
6861.114192
9380.799231
75235.665964
2933717.792318
310406.269639
154067.502126
3656.737274
1892721.156334
869137.554989
/
