MULTX
 0.000002
 0.051151
16.546578
 0.007339
 0.006661
 0.069931
 0.033384
 0.020982
 0.054963
15.856977
 1.047712
 1.001494
22.306819
 3.731962
 3.676291
218.415387
1925.486616
335.864273
284.845760
29.875324
28.958903
246.929139
332.755431
1585.797990
1633.160235
341.895843
 5.004918
 5.044820
244.732388
 0.000524
 0.000524
 6.530978
888.397732
 0.117428
 0.097565
 0.543221
 0.067247
 0.019597
 0.027388
 3.918988
 0.065507
 0.059907
 0.696262
 0.029159
 0.028293
 0.853185
 2.209251
 1.439465
 1.354975
 0.512129
 0.517417
12.252560
25.789225
226.806861
455.765647
95.412793
 1.396721
 1.407857
68.297411
 0.000146
 0.000146
 1.822599
247.924948
 0.032771
 0.027228
 0.151597
 0.018767
 0.008484
 0.015338
 4.425203
 0.292385
 0.279487
 6.225159
 1.041478
 1.025942
60.953131
537.345102
93.729565
79.491840
 8.337300
 8.081554
68.910458
92.861981
421.961624
116.877677
13.243151
 0.087810
 0.087654
 1.177040
 0.000001
 0.000001
 0.007120
 0.577206
 0.000256
 0.000232
 0.002439
 0.001165
 0.000732
 0.001921
 1.112726
 0.146192
 0.139743
 3.112579
 0.520739
 0.512971
30.476566
268.672551
46.864782
39.745920
 4.168650
 4.040777
34.455229
46.430990
221.274138
227.882824
47.706397
 0.698361
 0.703928
34.148705
 0.000073
 0.000073
 0.911299
123.962474
 0.016385
 0.013614
 0.075798
 0.009383
 0.004242
 0.007669
 2.187342
 0.036562
 0.033436
 0.388612
 0.016275
 0.015792
 0.432076
 1.908525
 0.183066
 0.769230
 0.290740
 0.293742
 6.955881
14.640758
128.760145
492.726805
180.732042
 3.171721
 3.197008
155.092036
 0.000332
 0.000332
 4.138817
562.996237
 0.074417
 0.061829
 0.344250
 0.042616
 0.019265
 0.034831
10.048898
 0.663957
 0.634667
14.136298
 2.365023
 2.329742
138.414402
1220.221169
212.844220
180.512720
18.932618
18.351863
156.484164
210.874081
1004.953377
1034.967824
120.291953
 0.797608
 0.796187
10.691445
 0.000010
 0.000010
 0.064348
 3.326671
 0.000291
 0.000172
 0.001804
 0.000861
 0.000541
 0.001420
 0.822953
 0.216078
 0.211445
 9.208048
 1.540519
 1.517539
90.159840
794.822964
138.641648
117.581680
12.332256
11.953966
101.930052
137.358346
654.602658
674.153353
141.131423
 2.065984
 2.082455
101.023253
 0.000216
 0.000216
 2.695927
366.722320
 0.048473
 0.040274
 0.224236
 0.027759
 0.012549
 0.022688
 6.545613
 0.432486
 0.395664
 4.598570
 0.192584
 0.186868
 5.112898
22.584216
 1.092649
 0.787377
 0.048173
 0.009432
 0.223354
 0.470116
 4.134500
15.821503
 5.803322
 0.201327
 0.205708
19.920078
 0.000043
 0.000043
 0.531591
72.311443
 0.009558
 0.007941
 0.044216
 0.005474
 0.002474
 0.004474
 1.290684
 0.085279
 0.081517
 1.815671
 0.303764
 0.299233
17.777997
156.725655
27.337790
23.185120
 2.431712
 2.357120
20.098883
27.084744
129.076581
132.931647
27.828731
 0.407377
 0.409050
 5.492853
 0.000005
 0.000005
 0.033060
 1.709115
 0.000075
 0.000053
 0.000173
 0.000106
 0.000067
 0.000175
 0.101420
 0.026629
 0.026058
 1.135468
 0.759260
 0.748082
44.444992
391.814137
68.344474
57.962800
 6.079281
 5.892800
50.247209
67.711861
322.691451
332.329118
69.571828
 1.018443
 1.026562
49.800195
 0.000107
 0.000107
 1.328978
180.778608
 0.023895
 0.019853
 0.110539
 0.013684
 0.006186
 0.011184
 3.226710
 0.213197
 0.203792
 4.539178
 0.379743
 0.368473
10.081771
44.532256
 2.154519
 1.552575
 0.047913
 0.043945
 0.196278
 0.310612
 2.731723
10.453493
 3.834338
 0.133020
 0.135914
22.181135
 0.000113
 0.000113
 1.404920
191.108814
 0.025261
 0.020988
 0.116856
 0.014466
 0.006539
 0.011823
 3.411094
 0.225380
 0.215438
 4.798560
 0.802806
 0.790830
46.984705
414.203516
72.249873
61.274960
 6.426668
 6.229531
53.118478
71.581110
341.130963
351.319353
73.547361
 1.076639
 1.085223
52.645921
 0.000056
 0.000056
 0.349488
18.067792
 0.000789
 0.000561
 0.001726
 0.000057
 0.000026
 0.000050
 0.028977
 0.007608
 0.007445
 0.324419
 0.216931
 0.215365
26.763589
447.787585
78.107971
66.243200
 6.947750
 6.734629
57.425381
77.384984
368.790230
379.804706
79.510661
 1.163934
 1.173214
56.914509
 0.000122
 0.000122
 1.518832
206.604124
 0.027309
 0.022690
 0.126330
 0.015639
 0.007070
 0.012782
 3.687669
 0.243654
 0.232905
 5.187632
 0.867898
 0.854951
46.088097
203.576028
 9.849229
 7.097486
 0.219032
 0.200891
 0.562920
 0.503978
 1.440587
 4.944220
 1.813538
 0.062915
 0.064284
10.491077
 0.000053
 0.000053
 1.332298
361.557216
 0.047791
 0.039707
 0.221078
 0.027368
 0.012372
 0.022369
 6.453421
 0.426394
 0.407585
 9.078357
 1.518822
 1.496165
88.889983
783.628274
136.688948
115.925600
12.158562
11.785600
100.494417
135.423722
645.382903
664.658235
139.143657
 2.036885
 2.053124
99.600390
 0.000213
 0.000213
 2.644777
136.729240
 0.005974
 0.004245
 0.013060
 0.000429
 0.000125
 0.000174
 0.025209
 0.000999
 0.000977
 0.042580
 0.028472
 0.028267
 3.512721
61.859019
40.305017
34.777680
 3.647569
 3.535680
30.148325
40.627117
193.614871
199.397471
41.743097
 0.611066
 0.615937
29.880117
 0.000064
 0.000064
 0.797387
108.467165
 0.014337
 0.011912
 0.066323
 0.008210
 0.003712
 0.006711
 1.936026
 0.127918
 0.122275
 2.723507
 0.455647
 0.448849
26.666995
235.088482
20.683380
14.904720
 0.459966
 0.421871
 1.182133
 1.058353
 2.884503
 0.798968
 0.163059
 0.006067
 0.006199
 1.011640
 0.000005
 0.000005
 0.128472
41.558848
 0.018433
 0.015316
 0.085273
 0.010556
 0.004772
 0.008628
 2.489177
 0.164466
 0.157211
 3.501652
 0.585831
 0.577092
34.286136
302.256620
52.722880
44.714160
 4.689731
 4.545874
38.762132
52.234864
248.933405
256.368176
53.669696
 0.785656
 0.791919
38.417293
 0.000082
 0.000082
 1.025212
139.457784
 0.009217
 0.006550
 0.020149
 0.000662
 0.000192
 0.000269
 0.038449
 0.000643
 0.000614
 0.008617
 0.005762
 0.005721
 0.710908
12.519087
 8.156968
 7.678189
 2.902064
 2.862217
24.405787
32.888618
156.735848
161.417000
33.792031
 0.494672
 0.498616
24.188666
 0.000052
 0.000052
 0.645504
87.806753
 0.011606
 0.009643
 0.053690
 0.006647
 0.003005
 0.005432
 1.567259
 0.103553
 0.098985
 2.204744
 0.368857
 0.363354
21.587567
190.309724
33.195887
28.153360
 1.489415
 1.366058
 3.827859
 3.427048
 9.340296
 2.587136
 0.293143
 0.001944
 0.001948
 0.234176
 0.000001
 0.000001
 0.029739
 9.620104
 0.004267
 0.003873
 0.040658
 0.009774
 0.004419
 0.007989
 2.304793
 0.152284
 0.145566
 3.242270
 0.542436
 0.534345
31.746423
279.867241
48.817482
41.402000
 4.342344
 4.209143
35.890863
48.365615
230.493894
237.377941
49.694163
 0.727459
 0.733259
35.571568
 0.000076
 0.000076
 0.949270
129.127577
 0.017068
 0.014181
 0.074626
 0.002452
 0.000712
 0.000995
 0.142405
 0.002380
 0.002177
 0.025300
 0.002119
 0.001683
 0.209091
 3.682084
 2.399108
 2.258291
 0.853548
 0.862361
20.420934
38.692492
184.395115
189.902353
39.755331
 0.581967
 0.586607
28.457254
 0.000061
 0.000061
 0.759416
103.302062
 0.013654
 0.011345
 0.063165
 0.007819
 0.003535
 0.006391
 1.843835
 0.121827
 0.116453
 2.593816
 0.433949
 0.427476
25.397138
223.893793
39.053985
33.121600
 3.473875
 3.367314
18.013455
16.127284
43.954336
12.174758
 1.379495
 0.009147
 0.009131
 0.122608
 0.000000
 0.000000
 0.011598
 3.751840
 0.001664
 0.001510
 0.015857
 0.007570
 0.004758
 0.012462
 3.595477
 0.237563
 0.227083
 5.057942
 0.846201
 0.833578
49.524419
436.592895
76.155271
64.587120
 6.774056
 6.566263
55.989747
75.450359
359.570474
370.309588
77.522895
 1.134836
 1.143884
55.491646
 0.000119
 0.000119
 1.480861
201.439021
 0.026626
 0.022122
 0.123172
 0.015248
 0.004444
 0.006210
 0.888608
 0.014853
 0.013584
 0.157873
 0.006612
 0.006415
 0.193455
 0.460261
 0.299889
 0.282286
 0.106694
 0.107795
 2.552617
 5.372755
47.251429
94.951176
19.877665
 0.290984
 0.293303
14.228627
 0.000030
 0.000030
 0.379708
51.651031
 0.006827
 0.005672
 0.031583
 0.003910
 0.001767
 0.003196
 0.921917
 0.060913
 0.058226
 1.296908
 0.216975
 0.213738
12.698569
111.946896
19.526993
16.560800
 1.736937
 1.683657
14.356345
19.346246
87.908672
24.349516
 2.758990
 0.018294
 0.018261
 0.245217
 0.000000
 0.000000
 0.001483
 0.240503
 0.000107
 0.000097
 0.001016
 0.000485
 0.000305
 0.000800
 0.463636
 0.060913
 0.058226
 1.296908
 0.216975
 0.213738
12.698569
111.946896
19.526993
16.560800
 1.736937
 1.683657
14.356345
19.346246
92.197558
94.951176
19.877665
 0.290984
 0.293303
14.228627
 0.000030
 0.000030
 0.379708
51.651031
 0.006827
 0.005672
 0.031583
 0.003910
 0.001767
 0.003196
 0.911392
 0.015234
 0.013932
 0.161921
 0.006781
 0.006580
 0.180032
 0.795219
 0.076277
 0.197600
 0.074685
 0.075457
 1.786832
 3.760929
33.076001
126.572023
46.426580
 0.814754
 0.821250
39.840156
 0.000085
 0.000085
 1.063182
144.622887
 0.019116
 0.015883
 0.088431
 0.010947
 0.004949
 0.008947
 2.581368
 0.170558
 0.163034
 3.631343
 0.607529
 0.598466
35.555993
313.451310
54.675579
46.370240
 4.863425
 4.714240
40.197767
54.169489
258.153161
265.863294
30.900685
 0.204890
 0.204525
 2.746426
 0.000003
 0.000003
 0.016530
 0.854558
 0.000075
 0.000024
 0.000254
 0.000121
 0.000076
 0.000200
 0.115909
 0.030434
 0.029781
 1.296908
 0.216975
 0.213738
12.698569
111.946896
19.526993
16.560800
 1.736937
 1.683657
14.356345
19.346246
92.197558
94.951176
19.877665
 0.290984
 0.293303
14.228627
 0.000030
 0.000030
 0.379708
51.651031
 0.006827
 0.005672
 0.031583
 0.003910
 0.001767
 0.003196
 0.921917
 0.060913
 0.055727
 0.647686
 0.027125
 0.026319
 0.720127
 3.180875
 0.153894
 0.110898
 0.006785
 0.008085
 0.191446
 0.402957
 3.543857
13.561288
 4.974276
 0.172566
 0.176321
17.074353
 0.000037
 0.000037
 0.455650
61.981237
 0.008193
 0.006807
 0.037899
 0.004692
 0.002121
 0.003835
 1.106301
 0.073096
 0.069872
 1.556290
 0.260369
 0.256485
15.238283
134.336276
23.432391
19.872960
 2.084325
 2.020389
17.227614
23.215495
110.637069
113.941412
23.853198
 0.349180
 0.350615
 4.708159
 0.000005
 0.000005
 0.028337
 1.464956
 0.000064
 0.000045
 0.000148
 0.000100
 0.000063
 0.000165
 0.095625
 0.025108
 0.024569
 1.070584
 0.715874
 0.705335
41.905278
369.424758
64.439076
54.650640
 5.731894
 5.556069
47.375940
63.842612
304.251940
313.338882
65.596295
 0.960246
 0.967901
46.954470
 0.000101
 0.000101
 1.253036
170.448402
 0.022530
 0.018719
 0.104223
 0.012902
 0.005832
 0.010545
 3.042327
 0.201015
 0.192147
 4.279797
 0.358044
 0.347417
 9.505670
41.987556
 2.031403
 1.463856
 0.045175
 0.041434
 0.185062
 0.512091
 4.503652
17.234137
 6.321476
 0.219303
 0.224075
36.568898
 0.000186
 0.000186
 2.316219
315.071289
 0.041646
 0.034602
 0.192654
 0.023849
 0.010781
 0.019493
 5.623695
 0.371572
 0.355181
 7.911139
 1.323545
 1.303801
77.461271
682.876067
119.114655
101.020880
10.595318
10.270309
87.573706
118.012100
562.405101
579.202176
121.253758
 1.775000
 1.789151
86.794626
 0.000093
 0.000093
 0.576184
29.787442
 0.001301
 0.000925
 0.002845
 0.000093
 0.000042
 0.000026
 0.015213
 0.003994
 0.003909
 0.170320
 0.113889
 0.113067
14.050884
235.088482
41.006685
34.777680
 3.647569
 3.535680
30.148325
40.627117
193.614871
199.397471
41.743097
 0.611066
 0.615937
29.880117
 0.000064
 0.000064
 0.797387
108.467165
 0.014337
 0.011912
 0.066323
 0.008210
 0.003712
 0.006711
 1.936026
 0.127918
 0.122275
 2.723507
 0.455647
 0.448849
24.196251
106.877415
 5.170845
 3.726180
 0.114992
 0.105468
 0.295533
 0.264588
 0.756308
 1.624529
 0.595877
 0.020672
 0.021122
 3.447068
 0.000018
 0.000018
 0.437755
118.797371
 0.015703
 0.013047
 0.072640
 0.008992
 0.004065
 0.007350
 2.120410
 0.140101
 0.133921
 2.982889
 0.499041
 0.491597
29.206709
257.477861
44.912083
38.089840
 3.994956
 3.872411
33.019594
44.496366
212.054382
218.387706
45.718630
 0.669262
 0.674598
32.725843
 0.000070
 0.000070
 0.868998
44.925322
 0.001963
 0.001395
 0.004291
 0.000141
 0.000041
 0.000057
 0.008283
 0.003234
 0.003164
 0.137878
 0.092196
 0.091530
11.374525
200.305394
130.511482
112.613440
11.811175
11.448869
97.623148
131.554473
626.943391
645.668000
135.168124
 1.978689
 1.994464
96.754665
 0.000207
 0.000207
 2.582015
351.227010
 0.046425
 0.038572
 0.214762
 0.026586
 0.012018
 0.021729
 6.269038
 0.414212
 0.395939
 8.818975
 1.475427
 1.453417
86.350269
761.238895
66.974755
48.262903
 1.489415
 1.366058
 3.827859
 3.427048
 9.340296
 2.587136
 0.528000
 0.012134
 0.012398
 2.023279
 0.000010
 0.000010
 0.256943
83.117696
 0.036865
 0.030631
 0.170546
 0.021113
 0.009544
 0.017256
 4.978353
 0.328933
 0.314422
 7.003304
 1.171663
 1.154184
68.572273
604.513240
105.445760
89.428320
 9.379462
 9.091749
77.524265
104.469728
497.866811
512.736353
107.339392
 1.571311
 1.583839
76.834587
 0.000165
 0.000165
 2.050423
278.915567
 0.018434
 0.013099
 0.040298
 0.001324
 0.000385
 0.000537
 0.076899
 0.001285
 0.001228
 0.039539
 0.026439
 0.026248
 3.261812
57.440517
37.426087
35.229338
13.315354
13.132526
111.979493
150.900718
719.140949
740.619176
155.045789
 2.269672
 2.287767
110.983292
 0.000238
 0.000238
 2.961723
402.878041
 0.053252
 0.044245
 0.246344
 0.030496
 0.013786
 0.024925
 7.190955
 0.475125
 0.454166
10.115883
 1.692401
 1.667155
99.048838
873.185791
152.310543
129.174240
 6.833785
 6.267796
17.563118
15.724102
42.855477
11.870389
 1.345008
 0.008918
 0.008937
 0.281011
 0.000001
 0.000001
 0.035687
11.544124
 0.005120
 0.004647
 0.048789
 0.011729
 0.005302
 0.009587
 2.765752
 0.182740
 0.174679
 3.890724
 0.650924
 0.641213
38.095707
335.840689
58.580978
49.682400
 5.210812
 5.050971
43.069036
58.038738
276.592673
284.853529
59.632996
 0.872951
 0.879910
42.685882
 0.000091
 0.000091
 1.139124
154.953093
 0.020482
 0.017017
 0.089552
 0.002943
 0.000855
 0.001194
 0.170886
 0.002856
 0.002612
 0.030360
 0.002543
 0.011946
 1.484543
26.142800
17.033668
16.033865
 6.060193
 6.122763
144.988631
274.716693
1309.205317
1348.306706
282.262847
 4.131967
 4.164909
202.046506
 0.000433
 0.000433
 5.391854
733.444639
 0.096947
 0.080548
 0.448473
 0.055518
 0.025097
 0.045376
13.091225
 0.864972
 0.826814
18.416095
 3.081038
 3.035077
180.319680
1589.645927
277.283295
235.163360
24.664512
23.907931
127.895529
114.503716
312.075785
86.440782
 9.794414
 0.064943
 0.064827
 0.870519
 0.485227
/
