MULTY
 0.134210
840.151695
83880.960000
88242.769920
 1.878934
 4.613453
37.448655
 0.135468
 0.055152
16.042234
1373.131315
 1.048512
22.333306
18809.256768
 3.732703
243.254784
2138.964480
19292.620800
341.814912
1709.074560
30.406848
608.136960
415.735008
1667.134080
32503.872000
1719.559680
426.744384
 5.064313
1310.640000
300.922944
 0.000524
 6.563685
1310.640000
2757.586560
 0.117433
 0.576682
 9.362164
 0.067734
 0.110303
64.168934
10985.050522
16.776192
714.665779
1203792.433152
477.785948
62273.224704
152811.601920
689150.361600
6104.973312
15262.433280
135.770112
1357.701120
464.076288
930.493440
9070.848000
479.877120
119.091456
 1.413297
365.760000
83.978496
 0.000146
 1.831726
365.760000
769.559040
 0.032772
 0.160934
 2.612697
 0.018902
 0.015391
 4.476902
383.199437
 0.292608
 6.232550
5249.094912
 1.041684
67.885056
596.920320
5383.987200
95.390208
476.951040
 8.485632
169.712640
116.019072
465.246720
18141.696000
1919.508480
952.731648
22.612746
11704.320000
5374.623744
 0.018727
468.921876
46817.280000
49251.778560
 1.048707
 2.574950
20.901575
 0.075610
 0.030782
 4.476902
191.599718
 0.146304
 3.116275
2624.547456
 0.520842
33.942528
298.460160
2691.993600
47.695104
238.475520
 4.242816
84.856320
58.009536
232.623360
4535.424000
239.938560
59.545728
 0.706648
182.880000
41.989248
 0.000073
 0.915863
182.880000
384.779520
 0.016386
 0.080467
 1.306348
 0.009451
 0.007696
 2.238451
383.199437
 0.585216
24.930202
41992.759296
16.666952
2172.321792
38202.900480
689150.361600
55453.507584
138633.768960
1233.245184
12332.451840
4215.359616
8451.982080
82393.536000
2179.441920
270.436848
 3.209361
830.580000
190.701168
 0.000332
 4.159545
830.580000
1747.540320
 0.074420
 0.365455
 5.932999
 0.042924
 0.034951
10.166299
870.182054
 0.664464
14.153083
11919.819696
 2.365492
154.155648
1355.506560
12226.137600
216.615264
1083.076320
19.269456
385.389120
263.459976
1056.497760
20598.384000
1089.720960
540.873696
12.837444
6644.640000
3051.218688
 0.010631
266.210857
106314.240000
447370.321920
12.409700
30.470246
247.335300
 0.894717
 0.364258
52.976678
2267.263334
 0.865632
 9.218981
7764.286224
 1.540825
100.413312
882.944640
7963.814400
141.098016
705.490080
12.551664
251.033280
171.611544
688.177440
13417.296000
709.818240
176.156112
 2.090501
541.020000
124.218192
 0.000216
 2.709428
541.020000
1138.306080
 0.048475
 0.238049
 3.864614
 0.027960
 0.022766
 6.622085
566.815834
 0.432816
18.437962
31057.144896
12.326600
1606.612992
28254.228480
509684.121600
18060.546048
180605.460480
633.593856
6335.938560
2165.689344
4342.302720
42330.624000
1119.713280
138.940032
 0.824423
106.680000
24.493728
 0.000043
 0.534253
106.680000
224.454720
 0.009559
 0.046939
 0.762037
 0.005513
 0.004489
 1.305763
111.766502
 0.085344
 1.817827
1530.986016
 0.303825
19.799808
174.101760
1570.329600
27.822144
139.110720
 2.474976
49.499520
33.838896
135.696960
2645.664000
139.964160
34.735008
 0.412212
213.360000
97.974912
 0.000341
 8.548055
3413.760000
14365.102080
 1.223492
12.016435
487.703409
 1.764231
 0.718255
104.461056
4470.660096
 1.706880
18.178272
7654.930080
 0.759562
49.499520
435.254400
3925.824000
69.555360
347.776800
 6.187440
123.748800
84.597240
339.242400
6614.160000
349.910400
86.837520
 1.030529
266.700000
61.234320
 0.000107
 1.335634
266.700000
561.136800
 0.023896
 0.117348
 1.905091
 0.013783
 0.011223
 3.264408
279.416256
 0.213360
 4.544568
3827.465040
 1.519123
197.998080
3482.035200
62813.184000
2225.771520
22257.715200
791.992320
31679.692800
22894.430208
45904.343040
447495.168000
11836.968960
1468.794624
 8.715329
1127.760000
129.466848
 0.000113
 1.411956
281.940000
593.201760
 0.025262
 0.124054
 2.013954
 0.014571
 0.011864
 3.450946
295.382899
 0.225552
 4.804258
4046.177328
 0.802965
52.328064
460.126080
4150.156800
73.529952
367.649760
 6.541008
130.820160
89.431368
358.627680
6992.112000
369.905280
91.799664
 1.089416
281.940000
64.733424
 0.000226
 5.647822
2255.520000
9491.228160
 0.808378
 7.939430
257.786087
 3.730089
 3.283452
477.536256
20437.303296
 7.802880
83.100672
34993.966080
 3.472282
113.141760
497.433600
4486.656000
79.491840
397.459200
 7.071360
141.427200
96.682560
387.705600
7559.040000
399.897600
99.242880
 1.177747
304.800000
69.982080
 0.000122
 1.526438
304.800000
641.299200
 0.027310
 0.134112
 2.177247
 0.015752
 0.012826
 3.730752
319.332864
 0.243840
 5.193792
4374.245760
 0.868070
56.570880
994.867200
17946.624000
635.934720
6359.347200
226.283520
9051.340800
12375.367680
99252.633600
3386449.920000
89577.062400
11115.202560
65.953843
8534.400000
979.749120
 0.000853
 5.342534
533.400000
1122.273600
 0.047793
 0.234696
 3.810183
 0.027566
 0.022445
 6.528816
558.832512
 0.426720
 9.089136
7654.930080
 1.519123
98.999040
870.508800
7851.648000
139.110720
695.553600
12.374880
247.497600
169.194480
678.484800
13228.320000
699.820800
173.675040
 2.061058
533.400000
122.468640
 0.000213
 2.671267
1066.800000
4489.094400
 0.382341
 3.755136
121.925852
 1.764231
 2.873020
1671.376896
42918.336922
16.386048
174.511411
73487.328768
 7.291791
237.597696
1044.610560
4710.988800
41.733216
208.666080
 3.712464
74.249280
50.758344
203.545440
3968.496000
209.946240
52.102512
 0.618317
160.020000
36.740592
 0.000064
 0.801380
160.020000
336.682080
 0.014338
 0.070409
 1.143055
 0.008270
 0.006734
 1.958645
167.649754
 0.128016
 2.726741
2296.479024
 0.455737
29.699712
261.152640
2355.494400
83.466432
834.664320
29.699712
1187.988480
1624.267008
13026.908160
507967.488000
53746.237440
17149.169664
101.757358
13167.360000
1511.612928
 0.001317
 8.242767
822.960000
865.753920
 0.018434
 0.090526
 1.469642
 0.010633
 0.008658
 2.518258
215.549683
 0.164592
 3.505810
2952.615888
 0.585948
38.185344
335.767680
3028.492800
53.656992
268.284960
 4.773168
95.463360
65.260728
261.701280
5102.352000
269.930880
66.988944
 0.794979
205.740000
47.237904
 0.000082
 1.030346
205.740000
432.876960
 0.036869
 0.362102
11.757136
 0.170122
 0.277041
161.168486
27590.359450
42.135552
565.084570
237958.969344
23.611515
769.363968
3382.548480
15254.630400
135.136128
337.840320
 3.005328
60.106560
41.090088
164.774880
3212.592000
169.956480
42.178224
 0.500543
129.540000
29.742384
 0.000052
 0.648736
129.540000
272.552160
 0.011607
 0.056998
 0.925330
 0.006695
 0.005451
 1.585570
135.716467
 0.103632
 2.207362
1859.054448
 0.368930
24.042624
211.409280
1906.828800
33.784032
168.920160
 6.010656
240.426240
328.720704
2636.398080
102802.944000
10877.214720
5398.812672
128.138895
48768.000000
5598.566400
 0.004877
30.528768
3048.000000
3206.496000
 0.068275
 0.167640
 1.360780
 0.009845
 0.008016
 2.331720
199.583040
 0.152400
 3.246120
2733.903600
 0.542544
35.356800
310.896000
2804.160000
49.682400
248.412000
 4.419600
88.392000
60.426600
242.316000
4724.400000
249.936000
62.026800
 0.736092
190.500000
43.738800
 0.000076
 0.954024
190.500000
400.812000
 0.017069
 0.083820
 2.721559
 0.039380
 0.064130
37.307520
6386.657280
 9.753600
415.503360
699879.321600
111.113011
3620.536320
15917.875200
71786.496000
635.934720
1589.836800
14.142720
141.427200
48.341280
193.852800
3779.520000
199.948800
49.621440
 0.588874
152.400000
34.991040
 0.000061
 0.763219
152.400000
320.649600
 0.013655
 0.067056
 1.088624
 0.007876
 0.006413
 1.865376
159.666432
 0.121920
 2.596896
2187.122880
 0.434035
28.285440
248.716800
2243.328000
39.745920
198.729600
 3.535680
70.713600
96.682560
775.411200
30236.160000
3199.180800
1587.886080
37.687910
19507.200000
8957.706240
 0.030431
190.499512
19019.520000
20008.535040
 0.426037
 1.046074
 8.491265
 0.030717
 0.012505
 3.637483
311.349542
 0.237744
 5.063947
4264.889616
 0.846369
55.156608
484.997760
4374.489600
77.504544
387.522720
 6.894576
137.891520
94.265496
378.012960
7370.064000
389.900160
96.761808
 1.148304
297.180000
68.232528
 0.000119
 1.488277
297.180000
625.266720
 0.026627
 0.130759
 2.122816
 0.015358
 0.025011
14.549933
2490.796339
 3.803904
162.046310
272952.935424
108.335186
14120.091648
31835.750400
143572.992000
1271.869440
3179.673600
28.285440
282.854400
96.682560
193.852800
1889.760000
99.974400
24.810720
 0.294437
76.200000
17.495520
 0.000030
 0.381610
76.200000
160.324800
 0.006828
 0.033528
 0.544312
 0.003938
 0.003206
 0.932688
79.833216
 0.060960
 1.298448
1093.561440
 0.217018
14.142720
124.358400
1121.664000
19.872960
99.364800
 1.767840
35.356800
24.170640
96.926400
3779.520000
399.897600
198.485760
 4.710989
2438.400000
1119.713280
 0.003901
97.692058
19507.200000
20521.574400
 0.436961
 1.072896
 8.708989
 0.031504
 0.012826
 1.865376
79.833216
 0.060960
 1.298448
1093.561440
 0.217018
14.142720
124.358400
1121.664000
19.872960
99.364800
 1.767840
35.356800
24.170640
96.926400
1889.760000
99.974400
24.810720
 0.294437
76.200000
17.495520
 0.000030
 0.381610
76.200000
160.324800
 0.006828
 0.033528
 0.544312
 0.003938
 0.003206
 0.932688
159.666432
 0.243840
10.387584
17496.983040
 6.944563
905.134080
15917.875200
287145.984000
14244.937728
35612.344320
316.796928
3167.969280
1082.844672
2171.151360
21165.312000
559.856640
69.470016
 0.824423
213.360000
48.987456
 0.000085
 1.068507
213.360000
448.909440
 0.019117
 0.093878
 1.524073
 0.011026
 0.008978
 2.611526
223.533005
 0.170688
 3.635654
3061.972032
 0.607649
39.599616
348.203520
3140.659200
55.644288
278.221440
 4.949952
98.999040
67.677792
271.393920
5291.328000
279.928320
138.940032
 3.297692
1706.880000
783.799296
 0.002731
68.384440
27310.080000
114920.816640
 1.747845
 4.291584
34.835958
 0.126017
 0.051304
 7.461504
319.332864
 0.121920
 1.298448
1093.561440
 0.217018
14.142720
124.358400
1121.664000
19.872960
99.364800
 1.767840
35.356800
24.170640
96.926400
1889.760000
99.974400
24.810720
 0.294437
76.200000
17.495520
 0.000030
 0.381610
76.200000
160.324800
 0.006828
 0.033528
 0.544312
 0.003938
 0.003206
 0.932688
79.833216
 0.060960
 2.596896
4374.245760
 1.736141
226.283520
3979.468800
71786.496000
2543.738880
25437.388800
543.080448
5430.804480
1856.305152
3721.973760
36283.392000
959.754240
119.091456
 0.706648
91.440000
20.994624
 0.000037
 0.457932
91.440000
192.389760
 0.008193
 0.040234
 0.653174
 0.004726
 0.003848
 1.119226
95.799859
 0.073152
 1.558138
1312.273728
 0.260421
16.971264
149.230080
1345.996800
23.847552
119.237760
 2.121408
42.428160
29.004768
116.311680
2267.712000
119.969280
29.772864
 0.353324
182.880000
83.978496
 0.000293
 7.326904
2926.080000
12312.944640
 1.048707
10.299802
459.834642
 1.663418
 0.677212
98.491853
4215.193805
 1.609344
17.139514
7217.505504
 0.716158
46.670976
410.382720
3701.491200
65.580768
327.903840
 5.833872
116.677440
79.763112
319.857120
6236.208000
329.915520
81.875376
 0.971641
251.460000
57.735216
 0.000101
 1.259312
251.460000
529.071840
 0.022531
 0.110642
 1.796229
 0.012995
 0.010581
 3.077870
263.449613
 0.201168
 4.284878
3608.752752
 1.432316
186.683904
3283.061760
59223.859200
2098.584576
20985.845760
746.735616
29869.424640
37744.871424
75680.133120
737762.304000
19515.002880
2421.526272
14.368516
1859.280000
213.445344
 0.000186
 2.327819
464.820000
977.981280
 0.041648
 0.204521
 3.320302
 0.024022
 0.019560
 5.689397
486.982618
 0.371856
 7.920533
6670.724784
 1.323807
86.270592
758.586240
6842.150400
121.225056
606.125280
10.783824
215.676480
147.440904
591.251040
11527.536000
609.843840
151.345392
 1.796064
464.820000
106.722672
 0.000372
 9.311274
3718.560000
15647.700480
 1.332732
13.089331
424.998685
 6.149606
 1.723812
250.706534
10729.584230
 4.096512
43.627853
18371.832192
 1.822948
59.399424
261.152640
2355.494400
41.733216
208.666080
 3.712464
74.249280
50.758344
203.545440
3968.496000
209.946240
52.102512
 0.618317
160.020000
36.740592
 0.000064
 0.801380
160.020000
336.682080
 0.014338
 0.070409
 1.143055
 0.008270
 0.006734
 1.958645
167.649754
 0.128016
 2.726741
2296.479024
 0.455737
29.699712
522.305280
9421.977600
333.865728
3338.657280
118.798848
4751.953920
6497.068032
52107.632640
1112690.688000
29432.463360
3652.137984
21.670548
2804.160000
321.917568
 0.000280
 1.755404
175.260000
368.747040
 0.015703
 0.077114
 1.251917
 0.009057
 0.007375
 2.145182
183.616397
 0.140208
 2.986430
2515.191312
 0.499140
32.528256
286.024320
2579.827200
45.707808
228.539040
 4.066032
81.320640
55.592472
222.930720
4346.448000
229.941120
57.064656
 0.677205
175.260000
40.239696
 0.000070
 0.877702
350.520000
1474.988160
 0.125626
 1.233830
40.061351
 0.579676
 0.943992
549.166694
138973.662413
53.059584
565.084570
237958.969344
23.611515
769.363968
3382.548480
15254.630400
135.136128
675.680640
12.021312
240.426240
164.360352
659.099520
12850.368000
679.825920
168.712896
 2.002170
518.160000
118.969536
 0.000207
 2.594945
518.160000
1090.208640
 0.046427
 0.227990
 3.701321
 0.026779
 0.021804
 6.342278
542.865869
 0.414528
 8.829446
7436.217792
 1.475720
96.170496
845.637120
7627.315200
270.272256
2702.722560
96.170496
3846.819840
5259.531264
42182.369280
1644847.104000
174035.435520
34298.339328
203.514716
26334.720000
3023.225856
 0.002633
16.485535
1645.920000
1731.507840
 0.036869
 0.181051
 2.939284
 0.021265
 0.017315
 5.036515
431.099366
 0.329184
 7.011619
5905.231776
 1.171895
76.370688
671.535360
6056.985600
107.313984
536.569920
 9.546336
190.926720
130.521456
523.402560
10204.704000
539.861760
133.977888
 1.589959
411.480000
94.475808
 0.000165
 2.060692
411.480000
865.753920
 0.073737
 0.724205
23.514271
 0.340245
 0.554083
322.336973
55180.718899
84.271104
2592.740966
1091811.741696
108.335186
3530.022912
15519.928320
69991.833600
620.036352
1550.090880
13.789152
275.783040
188.530992
756.025920
14740.128000
779.800320
193.523616
 2.296607
594.360000
136.465056
 0.000238
 2.976555
594.360000
1250.533440
 0.053255
 0.261518
 4.245632
 0.030717
 0.025011
 7.274966
622.699085
 0.475488
10.127894
8529.779232
 1.692737
110.313216
969.995520
8748.979200
155.009088
775.045440
27.578304
1103.132160
1508.247936
12096.414720
471684.096000
49907.220480
24771.022848
587.931402
58521.600000
6718.279680
 0.005852
36.634522
3657.600000
3847.795200
 0.081930
 0.201168
 1.632936
 0.011814
 0.009619
 2.798064
239.499648
 0.182880
 3.895344
3280.684320
 0.651053
42.428160
373.075200
3364.992000
59.618880
298.094400
 5.303520
106.070400
72.511920
290.779200
5669.280000
299.923200
74.432160
 0.883310
228.600000
52.486560
 0.000091
 1.144829
228.600000
480.974400
 0.020483
 0.100584
 3.265871
 0.047256
 0.076956
44.769024
7663.988736
11.704320
498.604032
839855.185920
788.902380
25705.807872
113016.913920
509684.121600
4515.136512
11287.841280
100.413312
1004.133120
343.223088
1376.354880
26834.592000
1419.636480
352.312224
 4.181003
1082.040000
248.436384
 0.000433
 5.418856
1082.040000
2276.612160
 0.096951
 0.476098
 7.729228
 0.055920
 0.045532
13.244170
1133.631667
 0.865632
18.437962
15528.572448
 3.081650
200.826624
1765.889280
15927.628800
282.196032
1410.980160
25.103328
502.066560
686.446176
5505.419520
214676.736000
22714.183680
11273.991168
267.584164
138501.120000
63599.714304
/
