MULTY
 0.100657
630.113772
62910.720000
66182.077440
 1.409200
 3.460090
28.086491
 0.101601
 0.041364
12.031675
1029.848486
 0.786384
16.749979
14106.942576
 2.799527
182.441088
1604.223360
14469.465600
256.361184
1281.805920
22.805136
456.102720
311.801256
1250.350560
24377.904000
1289.669760
320.058288
 3.798235
982.980000
225.692208
 0.000393
 4.922764
982.980000
2068.189920
 0.088075
 0.432511
 7.021623
 0.050800
 0.082728
48.126701
8238.787891
12.582144
535.999334
902844.324864
358.339461
46704.918528
114608.701440
516862.771200
4578.729984
11446.824960
101.827584
1018.275840
348.057216
697.870080
6803.136000
359.907840
89.318592
 1.059972
274.320000
62.983872
 0.000110
 1.373795
274.320000
577.169280
 0.024579
 0.120701
 1.959523
 0.014177
 0.011543
 3.357677
287.399578
 0.219456
 4.674413
3936.821184
 0.781263
50.913792
447.690240
4037.990400
71.542656
357.713280
 6.364224
127.284480
87.014304
348.935040
13606.272000
1439.631360
714.548736
16.959560
8778.240000
4030.967808
 0.014045
351.691407
35112.960000
36938.833920
 0.786530
 1.931213
15.676181
 0.056707
 0.023087
 3.357677
143.699789
 0.109728
 2.337206
1968.410592
 0.390632
25.456896
223.845120
2018.995200
35.771328
178.856640
 3.182112
63.642240
43.507152
174.467520
3401.568000
179.953920
44.659296
 0.529986
137.160000
31.491936
 0.000055
 0.686897
137.160000
288.584640
 0.012290
 0.060350
 0.979761
 0.007088
 0.005772
 1.678838
287.399578
 0.438912
18.697651
31494.569472
12.500214
1629.241344
28652.175360
516862.771200
41590.130688
103975.326720
924.933888
9249.338880
3161.519712
6338.986560
61795.152000
1634.581440
202.827636
 2.407021
622.935000
143.025876
 0.000249
 3.119658
622.935000
1310.655240
 0.055815
 0.274091
 4.449749
 0.032193
 0.026213
 7.624724
652.636541
 0.498348
10.614812
8939.864772
 1.774119
115.616736
1016.629920
9169.603200
162.461448
812.307240
14.452092
289.041840
197.594982
792.373320
15448.788000
817.290720
405.655272
 9.628083
4983.480000
2288.414016
 0.007974
199.658143
79735.680000
335527.741440
 9.307275
22.852685
185.501475
 0.671038
 0.273193
39.732509
1700.447501
 0.649224
 6.914236
5823.214668
 1.155619
75.309984
662.208480
5972.860800
105.823512
529.117560
 9.413748
188.274960
128.708658
516.133080
10062.972000
532.363680
132.117084
 1.567876
405.765000
93.163644
 0.000162
 2.032071
405.765000
853.729560
 0.036357
 0.178537
 2.898461
 0.020970
 0.017075
 4.966564
425.111875
 0.324612
13.828471
23292.858672
 9.244950
1204.959744
21190.671360
382263.091200
13545.409536
135454.095360
475.195392
4751.953920
1624.267008
3256.727040
31747.968000
839.784960
104.205024
 0.618317
80.010000
18.370296
 0.000032
 0.400690
80.010000
168.341040
 0.007169
 0.035204
 0.571527
 0.004135
 0.003367
 0.979322
83.824877
 0.064008
 1.363370
1148.239512
 0.227868
14.849856
130.576320
1177.747200
20.866608
104.333040
 1.856232
37.124640
25.379172
101.772720
1984.248000
104.973120
26.051256
 0.309159
160.020000
73.481184
 0.000256
 6.411041
2560.320000
10773.826560
 0.917619
 9.012326
365.777556
 1.323173
 0.538691
78.345792
3352.995072
 1.280160
13.633704
5741.197560
 0.569671
37.124640
326.440800
2944.368000
52.166520
260.832600
 4.640580
92.811600
63.447930
254.431800
4960.620000
262.432800
65.128140
 0.772897
200.025000
45.925740
 0.000080
 1.001725
200.025000
420.852600
 0.017922
 0.088011
 1.428819
 0.010337
 0.008417
 2.448306
209.562192
 0.160020
 3.408426
2870.598780
 1.139342
148.498560
2611.526400
47109.888000
1669.328640
16693.286400
593.994240
23759.769600
17170.822656
34428.257280
335621.376000
8877.726720
1101.595968
 6.536497
845.820000
97.100136
 0.000085
 1.058967
211.455000
444.901320
 0.018946
 0.093040
 1.510465
 0.010928
 0.008898
 2.588209
221.537174
 0.169164
 3.603193
3034.632996
 0.602224
39.246048
345.094560
3112.617600
55.147464
275.737320
 4.905756
98.115120
67.073526
268.970760
5244.084000
277.428960
68.849748
 0.817062
211.455000
48.550068
 0.000169
 4.235867
1691.640000
7118.421120
 0.606284
 5.954573
193.339566
 2.797567
 2.462589
358.152192
15327.977472
 5.852160
62.325504
26245.474560
 2.604211
84.856320
373.075200
3364.992000
59.618880
298.094400
 5.303520
106.070400
72.511920
290.779200
5669.280000
299.923200
74.432160
 0.883310
228.600000
52.486560
 0.000091
 1.144829
228.600000
480.974400
 0.020483
 0.100584
 1.632936
 0.011814
 0.009619
 2.798064
239.499648
 0.182880
 3.895344
3280.684320
 0.651053
42.428160
746.150400
13459.968000
476.951040
4769.510400
169.712640
6788.505600
9281.525760
74439.475200
2539837.440000
67182.796800
8336.401920
49.465382
6400.800000
734.811840
 0.000640
 4.006901
400.050000
841.705200
 0.035844
 0.176022
 2.857637
 0.020675
 0.016834
 4.896612
419.124384
 0.320040
 6.816852
5741.197560
 1.139342
74.249280
652.881600
5888.736000
104.333040
521.665200
 9.281160
185.623200
126.895860
508.863600
9921.240000
524.865600
130.256280
 1.545793
400.050000
91.851480
 0.000160
 2.003450
800.100000
3366.820800
 0.286756
 2.816352
91.444389
 1.323173
 2.154765
1253.532672
32188.752691
12.289536
130.883558
55115.496576
 5.468844
178.198272
783.457920
3533.241600
31.299912
156.499560
 2.784348
55.686960
38.068758
152.659080
2976.372000
157.459680
39.076884
 0.463738
120.015000
27.555444
 0.000048
 0.601035
120.015000
252.511560
 0.010753
 0.052807
 0.857291
 0.006202
 0.005050
 1.468984
125.737315
 0.096012
 2.045056
1722.359268
 0.341803
22.274784
195.864480
1766.620800
62.599824
625.998240
22.274784
890.991360
1218.200256
9770.181120
380975.616000
40309.678080
12861.877248
76.318019
9875.520000
1133.709696
 0.000988
 6.182076
617.220000
649.315440
 0.013826
 0.067894
 1.102231
 0.007974
 0.006493
 1.888693
161.662262
 0.123444
 2.629357
2214.461916
 0.439461
28.639008
251.825760
2271.369600
40.242744
201.213720
 3.579876
71.597520
48.945546
196.275960
3826.764000
202.448160
50.241708
 0.596235
154.305000
35.428428
 0.000062
 0.772759
154.305000
324.657720
 0.027651
 0.271577
 8.817852
 0.127592
 0.207781
120.876365
20692.769587
31.601664
423.813427
178469.227008
17.708636
577.022976
2536.911360
11440.972800
101.352096
253.380240
 2.253996
45.079920
30.817566
123.581160
2409.444000
127.467360
31.633668
 0.375407
97.155000
22.306788
 0.000039
 0.486552
97.155000
204.414120
 0.008705
 0.042748
 0.693998
 0.005021
 0.004088
 1.189177
101.787350
 0.077724
 1.655521
1394.290836
 0.276697
18.031968
158.556960
1430.121600
25.338024
126.690120
 4.507992
180.319680
246.540528
1977.298560
77102.208000
8157.911040
4049.109504
96.104172
36576.000000
4198.924800
 0.003658
22.896576
2286.000000
2404.872000
 0.051206
 0.125730
 1.020585
 0.007384
 0.006012
 1.748790
149.687280
 0.114300
 2.434590
2050.427700
 0.406908
26.517600
233.172000
2103.120000
37.261800
186.309000
 3.314700
66.294000
45.319950
181.737000
3543.300000
187.452000
46.520100
 0.552069
142.875000
32.804100
 0.000057
 0.715518
142.875000
300.609000
 0.012802
 0.062865
 2.041169
 0.029535
 0.048097
27.980640
4789.992960
 7.315200
311.627520
524909.491200
83.334758
2715.402240
11938.406400
53839.872000
476.951040
1192.377600
10.607040
106.070400
36.255960
145.389600
2834.640000
149.961600
37.216080
 0.441655
114.300000
26.243280
 0.000046
 0.572414
114.300000
240.487200
 0.010241
 0.050292
 0.816468
 0.005907
 0.004810
 1.399032
119.749824
 0.091440
 1.947672
1640.342160
 0.325526
21.214080
186.537600
1682.496000
29.809440
149.047200
 2.651760
53.035200
72.511920
581.558400
22677.120000
2399.385600
1190.914560
28.265933
14630.400000
6718.279680
 0.022823
142.874634
14264.640000
15006.401280
 0.319528
 0.784555
 6.368449
 0.023037
 0.009379
 2.728112
233.512157
 0.178308
 3.797960
3198.667212
 0.634776
41.367456
363.748320
3280.867200
58.128408
290.642040
 5.170932
103.418640
70.699122
283.509720
5527.548000
292.425120
72.571356
 0.861228
222.885000
51.174396
 0.000089
 1.116208
222.885000
468.950040
 0.019970
 0.098069
 1.592112
 0.011519
 0.018758
10.912450
1868.097254
 2.852928
121.534733
204714.701568
81.251389
10590.068736
23876.812800
107679.744000
953.902080
2384.755200
21.214080
212.140800
72.511920
145.389600
1417.320000
74.980800
18.608040
 0.220828
57.150000
13.121640
 0.000023
 0.286207
57.150000
120.243600
 0.005121
 0.025146
 0.408234
 0.002954
 0.002405
 0.699516
59.874912
 0.045720
 0.973836
820.171080
 0.162763
10.607040
93.268800
841.248000
14.904720
74.523600
 1.325880
26.517600
18.127980
72.694800
2834.640000
299.923200
148.864320
 3.533242
1828.800000
839.784960
 0.002926
73.269043
14630.400000
15391.180800
 0.327721
 0.804672
 6.531742
 0.023628
 0.009619
 1.399032
59.874912
 0.045720
 0.973836
820.171080
 0.162763
10.607040
93.268800
841.248000
14.904720
74.523600
 1.325880
26.517600
18.127980
72.694800
1417.320000
74.980800
18.608040
 0.220828
57.150000
13.121640
 0.000023
 0.286207
57.150000
120.243600
 0.005121
 0.025146
 0.408234
 0.002954
 0.002405
 0.699516
119.749824
 0.182880
 7.790688
13122.737280
 5.208422
678.850560
11938.406400
215359.488000
10683.703296
26709.258240
237.597696
2375.976960
812.133504
1628.363520
15873.984000
419.892480
52.102512
 0.618317
160.020000
36.740592
 0.000064
 0.801380
160.020000
336.682080
 0.014338
 0.070409
 1.143055
 0.008270
 0.006734
 1.958645
167.649754
 0.128016
 2.726741
2296.479024
 0.455737
29.699712
261.152640
2355.494400
41.733216
208.666080
 3.712464
74.249280
50.758344
203.545440
3968.496000
209.946240
104.205024
 2.473269
1280.160000
587.849472
 0.002048
51.288330
20482.560000
86190.612480
 1.310884
 3.218688
26.126968
 0.094512
 0.038478
 5.596128
239.499648
 0.091440
 0.973836
820.171080
 0.162763
10.607040
93.268800
841.248000
14.904720
74.523600
 1.325880
26.517600
18.127980
72.694800
1417.320000
74.980800
18.608040
 0.220828
57.150000
13.121640
 0.000023
 0.286207
57.150000
120.243600
 0.005121
 0.025146
 0.408234
 0.002954
 0.002405
 0.699516
59.874912
 0.045720
 1.947672
3280.684320
 1.302106
169.712640
2984.601600
53839.872000
1907.804160
19078.041600
407.310336
4073.103360
1392.228864
2791.480320
27212.544000
719.815680
89.318592
 0.529986
68.580000
15.745968
 0.000027
 0.343449
68.580000
144.292320
 0.006145
 0.030175
 0.489881
 0.003544
 0.002886
 0.839419
71.849894
 0.054864
 1.168603
984.205296
 0.195316
12.728448
111.922560
1009.497600
17.885664
89.428320
 1.591056
31.821120
21.753576
87.233760
1700.784000
89.976960
22.329648
 0.264993
137.160000
62.983872
 0.000219
 5.495178
2194.560000
9234.708480
 0.786530
 7.724851
344.875982
 1.247563
 0.507909
73.868890
3161.395354
 1.207008
12.854635
5413.129128
 0.537119
35.003232
307.787040
2776.118400
49.185576
245.927880
 4.375404
87.508080
59.822334
239.892840
4677.156000
247.436640
61.406532
 0.728731
188.595000
43.301412
 0.000075
 0.944484
188.595000
396.803880
 0.016898
 0.082982
 1.347172
 0.009747
 0.007936
 2.308403
197.587210
 0.150876
 3.213659
2706.564564
 1.074237
140.012928
2462.296320
44417.894400
1573.938432
15739.384320
560.051712
22402.068480
28308.653568
56760.099840
553321.728000
14636.252160
1816.144704
10.776387
1394.460000
160.084008
 0.000139
 1.745864
348.615000
733.485960
 0.031236
 0.153391
 2.490227
 0.018016
 0.014670
 4.267048
365.236963
 0.278892
 5.940400
5003.043588
 0.992856
64.702944
568.939680
5131.612800
90.918792
454.593960
 8.087868
161.757360
110.580678
443.438280
8645.652000
457.382880
113.509044
 1.347048
348.615000
80.042004
 0.000279
 6.983456
2788.920000
11735.775360
 0.999549
 9.816998
318.749014
 4.612204
 1.292859
188.029901
8047.188173
 3.072384
32.720890
13778.874144
 1.367211
44.549568
195.864480
1766.620800
31.299912
156.499560
 2.784348
55.686960
38.068758
152.659080
2976.372000
157.459680
39.076884
 0.463738
120.015000
27.555444
 0.000048
 0.601035
120.015000
252.511560
 0.010753
 0.052807
 0.857291
 0.006202
 0.005050
 1.468984
125.737315
 0.096012
 2.045056
1722.359268
 0.341803
22.274784
391.728960
7066.483200
250.399296
2503.992960
89.099136
3563.965440
4872.801024
39080.724480
834518.016000
22074.347520
2739.103488
16.252911
2103.120000
241.438176
 0.000210
 1.316553
131.445000
276.560280
 0.011777
 0.057836
 0.938938
 0.006793
 0.005531
 1.608887
137.712298
 0.105156
 2.239823
1886.393484
 0.374355
24.396192
214.518240
1934.870400
34.280856
171.404280
 3.049524
60.990480
41.694354
167.198040
3259.836000
172.455840
42.798492
 0.507903
131.445000
30.179772
 0.000053
 0.658277
262.890000
1106.241120
 0.094220
 0.925373
30.046014
 0.434757
 0.707994
411.875021
104230.246810
39.794688
423.813427
178469.227008
17.708636
577.022976
2536.911360
11440.972800
101.352096
506.760480
 9.015984
180.319680
123.270264
494.324640
9637.776000
509.869440
126.534672
 1.501628
388.620000
89.227152
 0.000155
 1.946209
388.620000
817.656480
 0.034820
 0.170993
 2.775990
 0.020084
 0.016353
 4.756709
407.149402
 0.310896
 6.622085
5577.163344
 1.106790
72.127872
634.227840
5720.486400
202.704192
2027.041920
72.127872
2885.114880
3944.648448
31636.776960
1233635.328000
130526.576640
25723.754496
152.636037
19751.040000
2267.419392
 0.001975
12.364151
1234.440000
1298.630880
 0.027651
 0.135788
 2.204463
 0.015949
 0.012986
 3.777386
323.324525
 0.246888
 5.258714
4428.923832
 0.878921
57.278016
503.651520
4542.739200
80.485488
402.427440
 7.159752
143.195040
97.891092
392.551920
7653.528000
404.896320
100.483416
 1.192469
308.610000
70.856856
 0.000123
 1.545519
308.610000
649.315440
 0.055303
 0.543154
17.635704
 0.255183
 0.415562
241.752730
41385.539174
63.203328
1944.555725
818858.806272
81.251389
2647.517184
11639.946240
52493.875200
465.027264
1162.568160
10.341864
206.837280
141.398244
567.019440
11055.096000
584.850240
145.142712
 1.722455
445.770000
102.348792
 0.000178
 2.232416
445.770000
937.900080
 0.039941
 0.196139
 3.184224
 0.023037
 0.018758
 5.456225
467.024314
 0.356616
 7.595921
6397.334424
 1.269553
82.734912
727.496640
6561.734400
116.256816
581.284080
20.683728
827.349120
1131.185952
9072.311040
353763.072000
37430.415360
18578.267136
440.948552
43891.200000
5038.709760
 0.004389
27.475891
2743.200000
2885.846400
 0.061448
 0.150876
 1.224702
 0.008861
 0.007215
 2.098548
179.624736
 0.137160
 2.921508
2460.513240
 0.488290
31.821120
279.806400
2523.744000
44.714160
223.570800
 3.977640
79.552800
54.383940
218.084400
4251.960000
224.942400
55.824120
 0.662483
171.450000
39.364920
 0.000069
 0.858622
171.450000
360.730800
 0.015362
 0.075438
 2.449403
 0.035442
 0.057717
33.576768
5747.991552
 8.778240
373.953024
629891.389440
591.676785
19279.355904
84762.685440
382263.091200
3386.352384
8465.880960
75.309984
753.099840
257.417316
1032.266160
20125.944000
1064.727360
264.234168
 3.135752
811.530000
186.327288
 0.000325
 4.064142
811.530000
1707.459120
 0.072713
 0.357073
 5.796921
 0.041940
 0.034149
 9.933127
850.223750
 0.649224
13.828471
11646.429336
 2.311237
150.619968
1324.416960
11945.721600
211.647024
1058.235120
18.827496
376.549920
514.834632
4129.064640
161007.552000
17035.637760
8455.493376
200.688123
103875.840000
47699.785728
/
