MULTX
 0.000003
 0.076726
24.819868
 0.011008
 0.009992
 0.104897
 0.050076
 0.031474
 0.082444
23.785466
 1.571568
 1.502240
33.460229
 5.597943
 5.514436
327.623081
2888.229924
503.796410
427.268640
44.812986
43.438354
370.393709
499.133146
2378.696984
2449.740353
512.843764
 7.507377
 7.567230
367.098582
 0.000786
 0.000786
 9.796467
1332.596598
 0.176143
 0.146348
 0.814831
 0.100871
 0.029396
 0.041081
 5.878482
 0.098260
 0.089860
 1.044394
 0.043738
 0.042440
 1.279778
 3.313876
 2.159197
 2.032462
 0.768194
 0.776125
18.378841
38.683837
340.210292
683.648471
143.119190
 2.095082
 2.111785
102.446116
 0.000219
 0.000219
 2.733898
371.887423
 0.049156
 0.040841
 0.227395
 0.028150
 0.012725
 0.023008
 6.637804
 0.438577
 0.419230
 9.337738
 1.562217
 1.538912
91.429697
806.017653
140.594347
119.237760
12.505950
12.122331
103.365686
139.292971
632.942437
175.316515
19.864726
 0.131715
 0.131480
 1.765560
 0.000002
 0.000002
 0.010679
 0.865809
 0.000384
 0.000349
 0.003659
 0.001747
 0.001098
 0.002881
 1.669088
 0.219289
 0.209615
 4.668869
 0.781108
 0.769456
45.714848
403.008827
70.297173
59.618880
 6.252975
 6.061166
51.682843
69.646485
331.911207
341.824235
71.559595
 1.047541
 1.055893
51.223058
 0.000110
 0.000110
 1.366949
185.943711
 0.024578
 0.020421
 0.113697
 0.014075
 0.006363
 0.011504
 3.281013
 0.054843
 0.050155
 0.582917
 0.024412
 0.023688
 0.648114
 2.862788
 0.274598
 1.153846
 0.436110
 0.440613
10.433821
21.961137
193.140218
739.090208
271.098063
 4.757582
 4.795512
232.638055
 0.000498
 0.000498
 6.208226
844.494356
 0.111625
 0.092744
 0.516376
 0.063924
 0.028897
 0.052247
15.073348
 0.995936
 0.952001
21.204448
 3.547534
 3.494614
207.621603
1830.331754
319.266330
270.769080
28.398927
27.527794
234.726246
316.311121
1507.430066
1552.451735
180.437930
 1.196411
 1.194281
16.037168
 0.000016
 0.000016
 0.096523
 4.990007
 0.000436
 0.000258
 0.002706
 0.001292
 0.000812
 0.002131
 1.234430
 0.324117
 0.317167
13.812071
 2.310779
 2.276308
135.239760
1192.234445
207.962472
176.372520
18.498384
17.930949
152.895078
206.037519
981.903988
1011.230029
211.697135
 3.098975
 3.123682
151.534880
 0.000325
 0.000325
 4.043890
550.083479
 0.072710
 0.060411
 0.336355
 0.041639
 0.018823
 0.034032
 9.818419
 0.648729
 0.593497
 6.897855
 0.288876
 0.280302
 7.669347
33.876323
 1.638973
 1.181066
 0.072259
 0.014148
 0.335031
 0.705174
 6.201750
23.732254
 8.704984
 0.301991
 0.308562
29.880117
 0.000064
 0.000064
 0.797387
108.467165
 0.014337
 0.011912
 0.066323
 0.008210
 0.003712
 0.006711
 1.936026
 0.127918
 0.122275
 2.723507
 0.455647
 0.448849
26.666995
235.088482
41.006685
34.777680
 3.647569
 3.535680
30.148325
40.627117
193.614871
199.397471
41.743097
 0.611066
 0.613576
 8.239279
 0.000008
 0.000008
 0.049590
 2.563673
 0.000112
 0.000080
 0.000259
 0.000159
 0.000100
 0.000263
 0.152130
 0.039944
 0.039087
 1.703202
 1.138890
 1.122124
66.667487
587.721205
102.516711
86.944200
 9.118922
 8.839200
75.370813
101.567791
484.037177
498.493676
104.357743
 1.527664
 1.539843
74.700293
 0.000160
 0.000160
 1.993467
271.167912
 0.035843
 0.029780
 0.165809
 0.020526
 0.009279
 0.016776
 4.840066
 0.319796
 0.305688
 6.808768
 0.569615
 0.552709
15.122657
66.798384
 3.231778
 2.328863
 0.071870
 0.065917
 0.294417
 0.465919
 4.097585
15.680239
 5.751507
 0.199530
 0.203872
33.271702
 0.000169
 0.000169
 2.107380
286.663222
 0.037891
 0.031482
 0.175283
 0.021699
 0.009809
 0.017735
 5.116641
 0.338070
 0.323156
 7.197840
 1.204209
 1.186245
70.477058
621.305274
108.374809
91.912440
 9.640003
 9.344297
79.677716
107.371665
511.696444
526.979029
110.321042
 1.614959
 1.627834
78.968881
 0.000085
 0.000085
 0.524233
27.101689
 0.001184
 0.000841
 0.002589
 0.000085
 0.000038
 0.000075
 0.043466
 0.011413
 0.011168
 0.486629
 0.325397
 0.323048
40.145383
671.681378
117.161956
99.364800
10.421625
10.101943
86.138072
116.077476
553.185345
569.707059
119.265992
 1.745902
 1.759821
85.371763
 0.000183
 0.000183
 2.278248
309.906186
 0.040963
 0.034034
 0.189496
 0.023458
 0.010604
 0.019173
 5.531504
 0.365481
 0.349358
 7.781449
 1.301847
 1.282427
69.132146
305.364043
14.773843
10.646229
 0.328547
 0.301336
 0.844381
 0.755966
 2.160880
 7.416329
 2.720307
 0.094372
 0.096426
15.736616
 0.000080
 0.000080
 1.998446
542.335825
 0.071686
 0.059560
 0.331617
 0.041052
 0.018558
 0.033553
 9.680131
 0.639592
 0.611377
13.617535
 2.278233
 2.244247
133.334975
1175.442411
205.033423
173.888400
18.237843
17.678400
150.741626
203.135583
968.074354
996.987353
208.715485
 3.055328
 3.079686
149.400586
 0.000320
 0.000320
 3.967166
205.093860
 0.008961
 0.006368
 0.019589
 0.000644
 0.000187
 0.000261
 0.037813
 0.001498
 0.001466
 0.063870
 0.042708
 0.042400
 5.269082
92.788528
60.457525
52.166520
 5.471353
 5.303520
45.222488
60.940675
290.422306
299.096206
62.614646
 0.916598
 0.923906
44.820176
 0.000096
 0.000096
 1.196080
162.700747
 0.021506
 0.017868
 0.099485
 0.012316
 0.005567
 0.010066
 2.904039
 0.191877
 0.183413
 4.085261
 0.683470
 0.673274
40.000492
352.632723
31.025070
22.357080
 0.689949
 0.632806
 1.773199
 1.587530
 4.326755
 1.198453
 0.244588
 0.009100
 0.009298
 1.517459
 0.000008
 0.000008
 0.192707
62.338272
 0.027649
 0.022973
 0.127910
 0.015834
 0.007158
 0.012942
 3.733765
 0.246700
 0.235817
 5.252478
 0.878747
 0.865638
51.429205
453.384930
79.084320
67.071240
 7.034597
 6.818811
58.143199
78.352296
373.400108
384.552265
80.504544
 1.178484
 1.187879
57.625940
 0.000123
 0.000123
 1.537817
209.186675
 0.013825
 0.009824
 0.030224
 0.000993
 0.000288
 0.000403
 0.057674
 0.000964
 0.000921
 0.012926
 0.008643
 0.008581
 1.066362
18.778631
12.235451
11.517284
 4.353097
 4.293326
36.608681
49.332927
235.103772
242.125500
50.688046
 0.742008
 0.747924
36.282999
 0.000078
 0.000078
 0.968255
131.710129
 0.017409
 0.014465
 0.080536
 0.009970
 0.004507
 0.008149
 2.350889
 0.155329
 0.148477
 3.307116
 0.553285
 0.545031
32.381351
285.464586
49.793831
42.230040
 2.234122
 2.049087
 5.741789
 5.140572
14.010445
 3.880704
 0.439714
 0.002916
 0.002922
 0.351264
 0.000002
 0.000002
 0.044608
14.430156
 0.006400
 0.005809
 0.060987
 0.014661
 0.006628
 0.011983
 3.457190
 0.228426
 0.218349
 4.863405
 0.813655
 0.801517
47.619634
419.800861
73.226222
62.103000
 6.513515
 6.313714
53.836295
72.548422
345.740841
356.066912
74.541245
 1.091189
 1.099888
53.357352
 0.000114
 0.000114
 1.423905
193.691366
 0.025602
 0.021272
 0.111940
 0.003679
 0.001068
 0.001493
 0.213608
 0.003571
 0.003265
 0.037950
 0.003178
 0.002524
 0.313636
 5.523127
 3.598662
 3.387436
 1.280323
 1.293541
30.631401
58.038738
276.592673
284.853529
59.632996
 0.872951
 0.879910
42.685882
 0.000091
 0.000091
 1.139124
154.953093
 0.020482
 0.017017
 0.094748
 0.011729
 0.005302
 0.009587
 2.765752
 0.182740
 0.174679
 3.890724
 0.650924
 0.641213
38.095707
335.840689
58.580978
49.682400
 5.210812
 5.050971
27.020182
24.190926
65.931504
18.262137
 2.069242
 0.013720
 0.013696
 0.183912
 0.000000
 0.000001
 0.017397
 5.627761
 0.002496
 0.002266
 0.023785
 0.011354
 0.007136
 0.018694
 5.393216
 0.356344
 0.340624
 7.586912
 1.269301
 1.250366
74.286629
654.889343
114.232907
96.880680
10.161084
 9.849394
83.984620
113.175539
539.355712
555.464382
116.284342
 1.702254
 1.715825
83.237469
 0.000178
 0.000178
 2.221292
302.158531
 0.039939
 0.033184
 0.184758
 0.022872
 0.006665
 0.009315
 1.332912
 0.022280
 0.020375
 0.236810
 0.009917
 0.009623
 0.290182
 0.690391
 0.449833
 0.423430
 0.160040
 0.161693
 3.828925
 8.059133
70.877144
142.426765
29.816498
 0.436475
 0.439955
21.342941
 0.000046
 0.000046
 0.569562
77.476546
 0.010241
 0.008509
 0.047374
 0.005865
 0.002651
 0.004793
 1.382876
 0.091370
 0.087340
 1.945362
 0.325462
 0.320607
19.047854
167.920344
29.290489
24.841200
 2.605406
 2.525486
21.534518
29.019369
131.863008
36.524274
 4.138485
 0.027441
 0.027392
 0.367825
 0.000000
 0.000000
 0.002225
 0.360754
 0.000160
 0.000145
 0.001525
 0.000728
 0.000457
 0.001200
 0.695454
 0.091370
 0.087340
 1.945362
 0.325462
 0.320607
19.047854
167.920344
29.290489
24.841200
 2.605406
 2.525486
21.534518
29.019369
138.296336
142.426765
29.816498
 0.436475
 0.439955
21.342941
 0.000046
 0.000046
 0.569562
77.476546
 0.010241
 0.008509
 0.047374
 0.005865
 0.002651
 0.004793
 1.367089
 0.022851
 0.020898
 0.242882
 0.010172
 0.009870
 0.270047
 1.192828
 0.114416
 0.296401
 0.112028
 0.113185
 2.680248
 5.641393
49.614001
189.858035
69.639869
 1.222131
 1.231875
59.760234
 0.000128
 0.000128
 1.594774
216.934330
 0.028674
 0.023824
 0.132647
 0.016421
 0.007423
 0.013421
 3.872053
 0.255837
 0.244551
 5.447014
 0.911293
 0.897699
53.333990
470.176964
82.013369
69.555360
 7.295137
 7.071360
60.296650
81.254233
387.229742
398.794941
46.351028
 0.307335
 0.306788
 4.119639
 0.000004
 0.000004
 0.024795
 1.281837
 0.000112
 0.000036
 0.000381
 0.000182
 0.000114
 0.000300
 0.173863
 0.045650
 0.044671
 1.945362
 0.325462
 0.320607
19.047854
167.920344
29.290489
24.841200
 2.605406
 2.525486
21.534518
29.019369
138.296336
142.426765
29.816498
 0.436475
 0.439955
21.342941
 0.000046
 0.000046
 0.569562
77.476546
 0.010241
 0.008509
 0.047374
 0.005865
 0.002651
 0.004793
 1.382876
 0.091370
 0.083591
 0.971529
 0.040687
 0.039479
 1.080190
 4.771313
 0.230841
 0.166347
 0.010177
 0.012127
 0.287169
 0.604435
 5.315786
20.341932
 7.461415
 0.258849
 0.264482
25.611529
 0.000055
 0.000055
 0.683474
92.971856
 0.012289
 0.010210
 0.056849
 0.007038
 0.003181
 0.005752
 1.659451
 0.109644
 0.104807
 2.334435
 0.390554
 0.384728
22.857424
201.504413
35.148587
29.809440
 3.126487
 3.030583
25.841422
34.823243
165.955604
170.912118
35.779797
 0.523770
 0.525922
 7.062239
 0.000007
 0.000007
 0.042505
 2.197434
 0.000096
 0.000068
 0.000222
 0.000150
 0.000094
 0.000248
 0.143437
 0.037661
 0.036854
 1.605876
 1.073811
 1.058002
62.857917
554.137137
96.658614
81.975960
 8.597840
 8.334103
71.063909
95.763918
456.377910
470.008324
98.394443
 1.440369
 1.451852
70.431705
 0.000151
 0.000151
 1.879555
255.672603
 0.033795
 0.028078
 0.156334
 0.019353
 0.008749
 0.015818
 4.563491
 0.301522
 0.288221
 6.419695
 0.537065
 0.521125
14.258505
62.981334
 3.047105
 2.195785
 0.067763
 0.062151
 0.277593
 0.768136
 6.755478
25.851206
 9.482214
 0.328954
 0.336113
54.853347
 0.000279
 0.000279
 3.474328
472.606933
 0.062469
 0.051903
 0.288981
 0.035774
 0.016172
 0.029239
 8.435543
 0.557358
 0.532771
11.866709
 1.985317
 1.955701
116.191906
1024.314101
178.671983
151.531320
15.892978
15.405463
131.360560
177.018151
843.607651
868.803265
181.880637
 2.662500
 2.683727
130.191939
 0.000139
 0.000139
 0.864275
44.681162
 0.001952
 0.001387
 0.004268
 0.000140
 0.000063
 0.000039
 0.022820
 0.005992
 0.005863
 0.255480
 0.170834
 0.169600
21.076326
352.632723
61.510027
52.166520
 5.471353
 5.303520
45.222488
60.940675
290.422306
299.096206
62.614646
 0.916598
 0.923906
44.820176
 0.000096
 0.000096
 1.196080
162.700747
 0.021506
 0.017868
 0.099485
 0.012316
 0.005567
 0.010066
 2.904039
 0.191877
 0.183413
 4.085261
 0.683470
 0.673274
36.294376
160.316122
 7.756268
 5.589270
 0.172487
 0.158202
 0.443300
 0.396882
 1.134462
 2.436794
 0.893815
 0.031008
 0.031683
 5.170602
 0.000026
 0.000026
 0.656632
178.196057
 0.023554
 0.019570
 0.108960
 0.013489
 0.006098
 0.011025
 3.180615
 0.210152
 0.200881
 4.474333
 0.748562
 0.737396
43.810063
386.216792
67.368125
57.134760
 5.992434
 5.808617
49.529391
66.744549
318.081573
327.581559
68.577945
 1.003893
 1.011897
49.088764
 0.000105
 0.000105
 1.303497
67.387982
 0.002944
 0.002092
 0.006437
 0.000212
 0.000061
 0.000086
 0.012424
 0.004850
 0.004746
 0.206817
 0.138294
 0.137295
17.061788
300.458091
195.767223
168.920160
17.716762
17.173303
146.434722
197.331709
940.415087
968.502000
202.752186
 2.968033
 2.991695
145.131997
 0.000311
 0.000311
 3.873022
526.840515
 0.069638
 0.057859
 0.322143
 0.039879
 0.018028
 0.032594
 9.403556
 0.621318
 0.593909
13.228463
 2.213140
 2.180126
129.525404
1141.858342
100.462133
72.394354
 2.234122
 2.049087
 5.741789
 5.140572
14.010445
 3.880704
 0.792001
 0.018200
 0.018596
 3.034919
 0.000015
 0.000015
 0.385415
124.676544
 0.055298
 0.045947
 0.255819
 0.031669
 0.014316
 0.025884
 7.467530
 0.493399
 0.471634
10.504956
 1.757494
 1.731276
102.858409
906.769860
158.168640
134.142480
14.069193
13.637623
116.286397
156.704592
746.800216
769.104529
161.009089
 2.356967
 2.375758
115.251880
 0.000247
 0.000247
 3.075635
418.373351
 0.027651
 0.019649
 0.060447
 0.001986
 0.000577
 0.000806
 0.115348
 0.001928
 0.001842
 0.059308
 0.039658
 0.039371
 4.892719
86.160776
56.139130
52.844007
19.973031
19.698789
167.969240
226.351078
1078.711423
1110.928765
232.568684
 3.404508
 3.431651
166.474938
 0.000357
 0.000357
 4.442584
604.317062
 0.079879
 0.066367
 0.369516
 0.045744
 0.020679
 0.037387
10.786432
 0.712688
 0.681249
15.173825
 2.538602
 2.500733
148.573257
1309.778686
228.465814
193.761360
10.250677
 9.401695
26.344678
23.586153
64.283216
17.805584
 2.017511
 0.013377
 0.013405
 0.421516
 0.000002
 0.000002
 0.053530
17.316187
 0.007680
 0.006971
 0.073184
 0.017594
 0.007953
 0.014380
 4.148628
 0.274111
 0.262019
 5.836086
 0.976385
 0.961820
57.143561
503.761033
87.871467
74.523600
 7.816218
 7.576457
64.603554
87.058107
414.889009
427.280294
89.449494
 1.309426
 1.319866
64.028822
 0.000137
 0.000137
 1.708686
232.429639
 0.030723
 0.025526
 0.134328
 0.004414
 0.001282
 0.001791
 0.256329
 0.004285
 0.003918
 0.045540
 0.003814
 0.017919
 2.226814
39.214199
25.550502
24.050798
 9.090290
 9.184144
217.482947
412.075039
1963.807975
2022.460059
423.394270
 6.197951
 6.247364
303.069759
 0.000649
 0.000649
 8.087781
1100.166959
 0.145420
 0.120822
 0.672709
 0.083277
 0.037646
 0.068064
19.636838
 1.297457
 1.240222
27.624143
 4.621558
 4.552616
270.479520
2384.468891
415.924943
352.745040
36.996767
35.861897
191.843294
171.755574
468.113677
129.661173
14.691620
 0.097414
 0.097241
 1.305779
 0.727841
/
