MULTY
 0.067105
420.075848
41940.480000
44121.384960
 0.939467
 2.306726
18.724327
 0.067734
 0.027576
 8.021117
686.565658
 0.524256
11.166653
9404.628384
 1.866351
121.627392
1069.482240
9646.310400
170.907456
854.537280
15.203424
304.068480
207.867504
833.567040
16251.936000
859.779840
213.372192
 2.532156
655.320000
150.461472
 0.000262
 3.281843
655.320000
1378.793280
 0.058717
 0.288341
 4.681082
 0.033867
 0.055152
32.084467
5492.525261
 8.388096
357.332890
601896.216576
238.892974
31136.612352
76405.800960
344575.180800
3052.486656
7631.216640
67.885056
678.850560
232.038144
465.246720
4535.424000
239.938560
59.545728
 0.706648
182.880000
41.989248
 0.000073
 0.915863
182.880000
384.779520
 0.016386
 0.080467
 1.306348
 0.009451
 0.007696
 2.238451
191.599718
 0.146304
 3.116275
2624.547456
 0.520842
33.942528
298.460160
2691.993600
47.695104
238.475520
 4.242816
84.856320
58.009536
232.623360
9070.848000
959.754240
476.365824
11.306373
5852.160000
2687.311872
 0.009363
234.460938
23408.640000
24625.889280
 0.524354
 1.287475
10.450787
 0.037805
 0.015391
 2.238451
95.799859
 0.073152
 1.558138
1312.273728
 0.260421
16.971264
149.230080
1345.996800
23.847552
119.237760
 2.121408
42.428160
29.004768
116.311680
2267.712000
119.969280
29.772864
 0.353324
91.440000
20.994624
 0.000037
 0.457932
91.440000
192.389760
 0.008193
 0.040234
 0.653174
 0.004726
 0.003848
 1.119226
191.599718
 0.292608
12.465101
20996.379648
 8.333476
1086.160896
19101.450240
344575.180800
27726.753792
69316.884480
616.622592
6166.225920
2107.679808
4225.991040
41196.768000
1089.720960
135.218424
 1.604681
415.290000
95.350584
 0.000166
 2.079772
415.290000
873.770160
 0.037210
 0.182728
 2.966500
 0.021462
 0.017475
 5.083150
435.091027
 0.332232
 7.076542
5959.909848
 1.182746
77.077824
677.753280
6113.068800
108.307632
541.538160
 9.634728
192.694560
131.729988
528.248880
10299.192000
544.860480
270.436848
 6.418722
3322.320000
1525.609344
 0.005316
133.105428
53157.120000
223685.160960
 6.204850
15.235123
123.667650
 0.447359
 0.182129
26.488339
1133.631667
 0.432816
 4.609490
3882.143112
 0.770412
50.206656
441.472320
3981.907200
70.549008
352.745040
 6.275832
125.516640
85.805772
344.088720
6708.648000
354.909120
88.078056
 1.045251
270.510000
62.109096
 0.000108
 1.354714
270.510000
569.153040
 0.024238
 0.119024
 1.932307
 0.013980
 0.011383
 3.311042
283.407917
 0.216408
 9.218981
15528.572448
 6.163300
803.306496
14127.114240
254842.060800
9030.273024
90302.730240
316.796928
3167.969280
1082.844672
2171.151360
21165.312000
559.856640
69.470016
 0.412212
53.340000
12.246864
 0.000021
 0.267127
53.340000
112.227360
 0.004779
 0.023470
 0.381018
 0.002757
 0.002245
 0.652882
55.883251
 0.042672
 0.908914
765.493008
 0.151912
 9.899904
87.050880
785.164800
13.911072
69.555360
 1.237488
24.749760
16.919448
67.848480
1322.832000
69.982080
17.367504
 0.206106
106.680000
48.987456
 0.000171
 4.274028
1706.880000
7182.551040
 0.611746
 6.008218
243.851704
 0.882116
 0.359128
52.230528
2235.330048
 0.853440
 9.089136
3827.465040
 0.379781
24.749760
217.627200
1962.912000
34.777680
173.888400
 3.093720
61.874400
42.298620
169.621200
3307.080000
174.955200
43.418760
 0.515264
133.350000
30.617160
 0.000053
 0.667817
133.350000
280.568400
 0.011948
 0.058674
 0.952546
 0.006892
 0.005611
 1.632204
139.708128
 0.106680
 2.272284
1913.732520
 0.759562
98.999040
1741.017600
31406.592000
1112.885760
11128.857600
395.996160
15839.846400
11447.215104
22952.171520
223747.584000
5918.484480
734.397312
 4.357665
563.880000
64.733424
 0.000056
 0.705978
140.970000
296.600880
 0.012631
 0.062027
 1.006977
 0.007285
 0.005932
 1.725473
147.691450
 0.112776
 2.402129
2023.088664
 0.401483
26.164032
230.063040
2075.078400
36.764976
183.824880
 3.270504
65.410080
44.715684
179.313840
3496.056000
184.952640
45.899832
 0.544708
140.970000
32.366712
 0.000113
 2.823911
1127.760000
4745.614080
 0.404189
 3.969715
128.893044
 1.865044
 1.641726
238.768128
10218.651648
 3.901440
41.550336
17496.983040
 1.736141
56.570880
248.716800
2243.328000
39.745920
198.729600
 3.535680
70.713600
48.341280
193.852800
3779.520000
199.948800
49.621440
 0.588874
152.400000
34.991040
 0.000061
 0.763219
152.400000
320.649600
 0.013655
 0.067056
 1.088624
 0.007876
 0.006413
 1.865376
159.666432
 0.121920
 2.596896
2187.122880
 0.434035
28.285440
497.433600
8973.312000
317.967360
3179.673600
113.141760
4525.670400
6187.683840
49626.316800
1693224.960000
44788.531200
5557.601280
32.976922
4267.200000
489.874560
 0.000427
 2.671267
266.700000
561.136800
 0.023896
 0.117348
 1.905091
 0.013783
 0.011223
 3.264408
279.416256
 0.213360
 4.544568
3827.465040
 0.759562
49.499520
435.254400
3925.824000
69.555360
347.776800
 6.187440
123.748800
84.597240
339.242400
6614.160000
349.910400
86.837520
 1.030529
266.700000
61.234320
 0.000107
 1.335634
533.400000
2244.547200
 0.191171
 1.877568
60.962926
 0.882116
 1.436510
835.688448
21459.168461
 8.193024
87.255706
36743.664384
 3.645896
118.798848
522.305280
2355.494400
20.866608
104.333040
 1.856232
37.124640
25.379172
101.772720
1984.248000
104.973120
26.051256
 0.309159
80.010000
18.370296
 0.000032
 0.400690
80.010000
168.341040
 0.007169
 0.035204
 0.571527
 0.004135
 0.003367
 0.979322
83.824877
 0.064008
 1.363370
1148.239512
 0.227868
14.849856
130.576320
1177.747200
41.733216
417.332160
14.849856
593.994240
812.133504
6513.454080
253983.744000
26873.118720
8574.584832
50.878679
6583.680000
755.806464
 0.000658
 4.121384
411.480000
432.876960
 0.009217
 0.045263
 0.734821
 0.005316
 0.004329
 1.259129
107.774842
 0.082296
 1.752905
1476.307944
 0.292974
19.092672
167.883840
1514.246400
26.828496
134.142480
 2.386584
47.731680
32.630364
130.850640
2551.176000
134.965440
33.494472
 0.397490
102.870000
23.618952
 0.000041
 0.515173
102.870000
216.438480
 0.018434
 0.181051
 5.878568
 0.085061
 0.138521
80.584243
13795.179725
21.067776
282.542285
118979.484672
11.805757
384.681984
1691.274240
7627.315200
67.568064
168.920160
 1.502664
30.053280
20.545044
82.387440
1606.296000
84.978240
21.089112
 0.250271
64.770000
14.871192
 0.000026
 0.324368
64.770000
136.276080
 0.005803
 0.028499
 0.462665
 0.003347
 0.002726
 0.792785
67.858234
 0.051816
 1.103681
929.527224
 0.184465
12.021312
105.704640
953.414400
16.892016
84.460080
 3.005328
120.213120
164.360352
1318.199040
51401.472000
5438.607360
2699.406336
64.069448
24384.000000
2799.283200
 0.002438
15.264384
1524.000000
1603.248000
 0.034138
 0.083820
 0.680390
 0.004923
 0.004008
 1.165860
99.791520
 0.076200
 1.623060
1366.951800
 0.271272
17.678400
155.448000
1402.080000
24.841200
124.206000
 2.209800
44.196000
30.213300
121.158000
2362.200000
124.968000
31.013400
 0.368046
95.250000
21.869400
 0.000038
 0.477012
95.250000
200.406000
 0.008534
 0.041910
 1.360780
 0.019690
 0.032065
18.653760
3193.328640
 4.876800
207.751680
349939.660800
55.556506
1810.268160
7958.937600
35893.248000
317.967360
794.918400
 7.071360
70.713600
24.170640
96.926400
1889.760000
99.974400
24.810720
 0.294437
76.200000
17.495520
 0.000030
 0.381610
76.200000
160.324800
 0.006828
 0.033528
 0.544312
 0.003938
 0.003206
 0.932688
79.833216
 0.060960
 1.298448
1093.561440
 0.217018
14.142720
124.358400
1121.664000
19.872960
99.364800
 1.767840
35.356800
48.341280
387.705600
15118.080000
1599.590400
793.943040
18.843955
9753.600000
4478.853120
 0.015216
95.249756
9509.760000
10004.267520
 0.213019
 0.523037
 4.245632
 0.015358
 0.006253
 1.818742
155.674771
 0.118872
 2.531974
2132.444808
 0.423184
27.578304
242.498880
2187.244800
38.752272
193.761360
 3.447288
68.945760
47.132748
189.006480
3685.032000
194.950080
48.380904
 0.574152
148.590000
34.116264
 0.000059
 0.744139
148.590000
312.633360
 0.013314
 0.065380
 1.061408
 0.007679
 0.012505
 7.274966
1245.398170
 1.901952
81.023155
136476.467712
54.167593
7060.045824
15917.875200
71786.496000
635.934720
1589.836800
14.142720
141.427200
48.341280
96.926400
944.880000
49.987200
12.405360
 0.147218
38.100000
 8.747760
 0.000015
 0.190805
38.100000
80.162400
 0.003414
 0.016764
 0.272156
 0.001969
 0.001603
 0.466344
39.916608
 0.030480
 0.649224
546.780720
 0.108509
 7.071360
62.179200
560.832000
 9.936480
49.682400
 0.883920
17.678400
12.085320
48.463200
1889.760000
199.948800
99.242880
 2.355494
1219.200000
559.856640
 0.001951
48.846029
9753.600000
10260.787200
 0.218481
 0.536448
 4.354495
 0.015752
 0.006413
 0.932688
39.916608
 0.030480
 0.649224
546.780720
 0.108509
 7.071360
62.179200
560.832000
 9.936480
49.682400
 0.883920
17.678400
12.085320
48.463200
944.880000
49.987200
12.405360
 0.147218
38.100000
 8.747760
 0.000015
 0.190805
38.100000
80.162400
 0.003414
 0.016764
 0.272156
 0.001969
 0.001603
 0.466344
79.833216
 0.121920
 5.193792
8748.491520
 3.472282
452.567040
7958.937600
143572.992000
7122.468864
17806.172160
158.398464
1583.984640
541.422336
1085.575680
10582.656000
279.928320
34.735008
 0.412212
106.680000
24.493728
 0.000043
 0.534253
106.680000
224.454720
 0.009559
 0.046939
 0.762037
 0.005513
 0.004489
 1.305763
111.766502
 0.085344
 1.817827
1530.986016
 0.303825
19.799808
174.101760
1570.329600
27.822144
139.110720
 2.474976
49.499520
33.838896
135.696960
2645.664000
139.964160
69.470016
 1.648846
853.440000
391.899648
 0.001366
34.192220
13655.040000
57460.408320
 0.873923
 2.145792
17.417979
 0.063008
 0.025652
 3.730752
159.666432
 0.060960
 0.649224
546.780720
 0.108509
 7.071360
62.179200
560.832000
 9.936480
49.682400
 0.883920
17.678400
12.085320
48.463200
944.880000
49.987200
12.405360
 0.147218
38.100000
 8.747760
 0.000015
 0.190805
38.100000
80.162400
 0.003414
 0.016764
 0.272156
 0.001969
 0.001603
 0.466344
39.916608
 0.030480
 1.298448
2187.122880
 0.868070
113.141760
1989.734400
35893.248000
1271.869440
12718.694400
271.540224
2715.402240
928.152576
1860.986880
18141.696000
479.877120
59.545728
 0.353324
45.720000
10.497312
 0.000018
 0.228966
45.720000
96.194880
 0.004097
 0.020117
 0.326587
 0.002363
 0.001924
 0.559613
47.899930
 0.036576
 0.779069
656.136864
 0.130211
 8.485632
74.615040
672.998400
11.923776
59.618880
 1.060704
21.214080
14.502384
58.155840
1133.856000
59.984640
14.886432
 0.176662
91.440000
41.989248
 0.000146
 3.663452
1463.040000
6156.472320
 0.524354
 5.149901
229.917321
 0.831709
 0.338606
49.245926
2107.596902
 0.804672
 8.569757
3608.752752
 0.358079
23.335488
205.191360
1850.745600
32.790384
163.951920
 2.916936
58.338720
39.881556
159.928560
3118.104000
164.957760
40.937688
 0.485821
125.730000
28.867608
 0.000050
 0.629656
125.730000
264.535920
 0.011265
 0.055321
 0.898115
 0.006498
 0.005291
 1.538935
131.724806
 0.100584
 2.142439
1804.376376
 0.716158
93.341952
1641.530880
29611.929600
1049.292288
10492.922880
373.367808
14934.712320
18872.435712
37840.066560
368881.152000
9757.501440
1210.763136
 7.184258
929.640000
106.722672
 0.000093
 1.163909
232.410000
488.990640
 0.020824
 0.102260
 1.660151
 0.012011
 0.009780
 2.844698
243.491309
 0.185928
 3.960266
3335.362392
 0.661904
43.135296
379.293120
3421.075200
60.612528
303.062640
 5.391912
107.838240
73.720452
295.625520
5763.768000
304.921920
75.672696
 0.898032
232.410000
53.361336
 0.000186
 4.655637
1859.280000
7823.850240
 0.666366
 6.544666
212.499342
 3.074803
 0.861906
125.353267
5364.792115
 2.048256
21.813926
9185.916096
 0.911474
29.699712
130.576320
1177.747200
20.866608
104.333040
 1.856232
37.124640
25.379172
101.772720
1984.248000
104.973120
26.051256
 0.309159
80.010000
18.370296
 0.000032
 0.400690
80.010000
168.341040
 0.007169
 0.035204
 0.571527
 0.004135
 0.003367
 0.979322
83.824877
 0.064008
 1.363370
1148.239512
 0.227868
14.849856
261.152640
4710.988800
166.932864
1669.328640
59.399424
2375.976960
3248.534016
26053.816320
556345.344000
14716.231680
1826.068992
10.835274
1402.080000
160.958784
 0.000140
 0.877702
87.630000
184.373520
 0.007852
 0.038557
 0.625959
 0.004529
 0.003687
 1.072591
91.808198
 0.070104
 1.493215
1257.595656
 0.249570
16.264128
143.012160
1289.913600
22.853904
114.269520
 2.033016
40.660320
27.796236
111.465360
2173.224000
114.970560
28.532328
 0.338602
87.630000
20.119848
 0.000035
 0.438851
175.260000
737.494080
 0.062813
 0.616915
20.030676
 0.289838
 0.471996
274.583347
69486.831206
26.529792
282.542285
118979.484672
11.805757
384.681984
1691.274240
7627.315200
67.568064
337.840320
 6.010656
120.213120
82.180176
329.549760
6425.184000
339.912960
84.356448
 1.001085
259.080000
59.484768
 0.000104
 1.297473
259.080000
545.104320
 0.023214
 0.113995
 1.850660
 0.013389
 0.010902
 3.171139
271.432934
 0.207264
 4.414723
3718.108896
 0.737860
48.085248
422.818560
3813.657600
135.136128
1351.361280
48.085248
1923.409920
2629.765632
21091.184640
822423.552000
87017.717760
17149.169664
101.757358
13167.360000
1511.612928
 0.001317
 8.242767
822.960000
865.753920
 0.018434
 0.090526
 1.469642
 0.010633
 0.008658
 2.518258
215.549683
 0.164592
 3.505810
2952.615888
 0.585948
38.185344
335.767680
3028.492800
53.656992
268.284960
 4.773168
95.463360
65.260728
261.701280
5102.352000
269.930880
66.988944
 0.794979
205.740000
47.237904
 0.000082
 1.030346
205.740000
432.876960
 0.036869
 0.362102
11.757136
 0.170122
 0.277041
161.168486
27590.359450
42.135552
1296.370483
545905.870848
54.167593
1765.011456
7759.964160
34995.916800
310.018176
775.045440
 6.894576
137.891520
94.265496
378.012960
7370.064000
389.900160
96.761808
 1.148304
297.180000
68.232528
 0.000119
 1.488277
297.180000
625.266720
 0.026627
 0.130759
 2.122816
 0.015358
 0.012505
 3.637483
311.349542
 0.237744
 5.063947
4264.889616
 0.846369
55.156608
484.997760
4374.489600
77.504544
387.522720
13.789152
551.566080
754.123968
6048.207360
235842.048000
24953.610240
12385.511424
293.965701
29260.800000
3359.139840
 0.002926
18.317261
1828.800000
1923.897600
 0.040965
 0.100584
 0.816468
 0.005907
 0.004810
 1.399032
119.749824
 0.091440
 1.947672
1640.342160
 0.325526
21.214080
186.537600
1682.496000
29.809440
149.047200
 2.651760
53.035200
36.255960
145.389600
2834.640000
149.961600
37.216080
 0.441655
114.300000
26.243280
 0.000046
 0.572414
114.300000
240.487200
 0.010241
 0.050292
 1.632936
 0.023628
 0.038478
22.384512
3831.994368
 5.852160
249.302016
419927.592960
394.451190
12852.903936
56508.456960
254842.060800
2257.568256
5643.920640
50.206656
502.066560
171.611544
688.177440
13417.296000
709.818240
176.156112
 2.090501
541.020000
124.218192
 0.000216
 2.709428
541.020000
1138.306080
 0.048475
 0.238049
 3.864614
 0.027960
 0.022766
 6.622085
566.815834
 0.432816
 9.218981
7764.286224
 1.540825
100.413312
882.944640
7963.814400
141.098016
705.490080
12.551664
251.033280
343.223088
2752.709760
107338.368000
11357.091840
5636.995584
133.792082
69250.560000
31799.857152
/
