MULTZ
 1.875114
11737.102072
566143.306110
850104.302629
26.223339
64.440006
519.947903
 1.892672
 0.770554
223.552751
10108.096860
13.849150
310.553971
14248.756406
 0.026234
299.637507
20533.033524
91296.982858
 5.872036
28.836525
222.847339
 3.389723
 2.759843
776.379173
59707.044334
52.378992
941.542163
70.750956
184.988768
3125.385780
 0.007325
91.696110
8845.989158
26565.759457
 1.638959
 8.055001
129.986976
 0.946336
 1.541109
894.211002
80864.774882
221.586394
9937.727076
911920.409994
 3.357890
76707.201832
15095910.368032
27485511.056680
752.029200
1846.522909
9282.652038
54.245134
22.083380
3151.938477
126779.198288
104.859000
2024.336593
253.509179
371.636440
9308.184014
 0.026247
328.553034
22493.245127
76412.265105
 5.867934
28.857709
463.495062
 3.391007
 2.761153
799.420602
26350.895251
47.569101
1108.664415
29197.007480
 0.052479
623.566746
58968.399875
214730.555130
11.750456
57.703841
580.165752
 6.780642
 5.520845
1575.969239
253558.396577
419.435999
16194.692745
4056.146863
11892.366070
595723.776871
 3.359580
84109.576744
1824434.272021
4243867.638035
739.573640
1839.845270
13607.155966
54.247208
22.089069
3082.012251
8805.793208
54.108477
2075.590522
6611.111484
 0.011558
143.853858
25460.440840
58941.083581
 2.588838
12.713063
193.301495
 1.493281
 1.215886
352.932785
29994.209926
23.113273
486.769716
506.467294
82.242727
4552.677232
 0.052493
656.203912
7126.696375
33155.215922
11.555838
57.495165
850.447248
 6.780901
 5.522267
1541.006125
17611.586417
216.433910
16604.724176
105777.783745
 0.369851
9206.646941
3258936.427526
15088917.396675
1016.990498
2497.098389
13770.841257
73.349330
29.861058
4280.559261
174580.603694
70.910664
699.689660
111.632520
125.789152
3673.945224
 0.011558
144.676455
8261.495072
29642.255201
 2.582537
12.706159
203.422188
 1.493278
 1.215920
351.544274
9778.398770
20.369355
486.973680
9941.040580
 0.017740
213.321467
22858.148103
76539.385228
 3.972619
19.508581
215.169395
 2.292167
 1.866316
535.069908
43645.150923
35.455332
1399.379319
446.530082
1006.313213
58783.123587
 0.369862
9259.293137
1057471.369231
7588417.331478
1016.752601
2497.924854
20190.473377
73.361284
29.867130
4335.818994
113738.764273
68.193084
753.374175
47777.097290
 0.089925
991.043634
54771.092408
274419.009352
20.122420
98.818526
627.380275
11.619983
 9.460452
2625.528583
194111.455418
179.422668
3029.471946
171.400460
631.597477
8187.931121
 0.017744
222.143243
25261.321004
70807.196298
 3.971690
19.515038
315.476147
 2.292540
 1.866696
541.977374
28434.691068
34.096542
1506.748349
191108.389159
 0.719398
15856.698142
1752674.957059
17562816.598502
2575.669810
25297.542780
146514.263546
595.252671
242.337647
35111.647432
1483403.984929
575.787573
6007.866652
1737.413199
255.996333
12620.981619
 0.089989
1125.701709
21252.052274
94033.584010
19.964718
98.753513
1521.367840
11.625366
 9.466776
2690.895576
26060.664177
118.593634
3676.885488
20530.036079
 0.035993
445.851545
72274.430263
179096.675223
 8.061884
39.589707
572.321342
 4.650411
 3.786526
1097.238982
92712.749058
71.973447
1501.966663
868.706600
511.992666
50483.926476
 0.719910
18011.227350
680065.672753
6018149.376666
2555.483843
25280.899230
160732.304286
595.253624
242.350071
34902.572094
342712.850732
472.509730
6025.098886
38506.416818
 0.034045
415.693219
53889.095449
157770.069774
 7.624677
37.442826
470.907759
 4.398770
 3.581589
1032.525254
85756.269390
68.060339
1382.100134
347.617593
241.783184
8953.023569
 0.035995
450.501640
17807.347443
69976.922747
 8.030207
39.555398
627.860564
 4.650419
 3.786720
1090.705378
21419.553171
59.063716
1506.274721
19253.208409
 0.068091
1662.772876
431112.763593
2524321.116391
243.989657
2396.340893
60276.193158
1126.085230
848.122697
122275.412998
5081094.463104
2014.611741
20476.469273
2630.602670
894.651005
16723.555489
 0.034050
426.146731
16544.288833
65262.750258
 7.595442
37.416420
593.609594
 4.399041
 3.582032
1031.520215
19913.264056
55.644821
1424.283771
17815.098743
 0.031492
384.728256
50255.743844
146323.215160
 7.052877
34.634859
437.776157
 4.068872
 3.312979
955.276664
79392.100986
62.956617
1279.779330
328.825334
223.662751
8361.777744
 0.068100
1704.586924
132354.310663
1044204.004135
243.054149
2394.650860
75982.028017
1126.154409
848.224253
121382.069221
796211.808339
1479.644832
20846.086244
81896.959698
 0.071985
443.820523
33325.709805
87519.809378
 4.030705
19.793709
273.316311
 2.325161
 1.893220
547.719440
46028.573529
35.982963
744.441469
304.108679
127.935776
5712.315583
 0.031496
394.096072
10212.568665
43327.869215
 7.007755
34.588271
541.131144
 4.069002
 3.313376
948.297416
12440.809505
46.238901
1302.880390
10237.119962
 0.017996
221.910262
66651.419610
350079.237511
32.245638
316.699341
8746.121936
148.810326
242.332136
140216.176602
35260586.545216
15326.927947
139268.549590
5563.015221
6770.075127
60275.998980
 0.071991
450.617675
20924.631211
63790.455296
 4.026830
19.791895
319.247035
 2.325281
 1.893362
549.194085
23985.924098
33.890501
762.804704
32692.254428
 0.059964
689.124511
49295.664036
213729.357450
13.422948
65.917611
528.714670
 7.748155
 6.308421
1778.717331
137736.666192
119.741625
2176.071087
173.844226
423.129695
7534.499873
 0.017998
225.308837
41849.262423
255161.821184
32.214644
316.670318
10215.905121
148.817984
242.350383
140593.685739
7830571.275479
12129.331766
160056.935746
846532.454825
 0.746492
4577.483373
316006.238800
441760.768165
10.449235
51.313451
672.275851
 6.028058
 4.908213
1417.214695
118326.172392
93.277431
1910.005996
579.327012
331.490849
13292.980640
 0.059992
750.777705
25292.434071
102638.139446
13.371922
65.911391
1041.199502
 7.750626
 6.311197
1814.011867
30588.169045
94.760404
2500.889621
26454.139213
 0.046656
572.185422
79001.559700
220880.384083
20.898469
205.253803
5378.206807
96.448921
157.062826
90701.740502
15145750.066112
23879.022300
746175.098164
57685.408976
33617.645699
481796.883888
 0.746573
4672.548229
136665.999407
243499.499443
10.426673
51.296290
821.619454
 6.028426
 4.908714
1419.483499
40388.613918
82.559384
1966.651545
41484.115696
 0.074092
889.708530
93894.444694
317689.998763
16.591225
81.475558
888.795632
 9.573110
 7.794560
2233.580680
181900.047789
148.073367
2914.746477
450.667258
525.275714
15056.152622
 0.046661
584.068529
34166.499852
121749.749721
20.853345
205.185161
6572.955634
96.454809
157.078864
90846.943956
5169742.581475
21135.202208
788439.032634
3662679.364884
 3.224889
19825.960098
1422880.963409
1932715.395775
45.142210
110.840710
744.132040
 6.510373
 5.300939
1532.022613
128305.389430
100.745629
2072.999362
715.603642
358.109620
15088.650837
 0.074108
927.372979
27907.470470
115574.981760
16.506529
81.405700
1281.004513
 9.574231
 7.796182
2237.025635
33863.946840
113.622246
3079.839971
28614.682538
 0.050389
619.561253
88930.060213
241589.424472
11.285552
55.420355
1488.264080
26.041492
42.407513
24512.361810
4105772.461765
6447.720256
265343.918305
183194.532272
114409.709309
1860888.276314
 3.225196
20184.238660
495576.062042
925689.366494
45.013679
110.782100
884.004799
 6.510655
 5.301410
1530.623566
36929.366396
86.465924
2117.900435
35448.568232
 0.062981
762.929006
89176.916730
281112.618848
14.104179
69.262125
812.287670
 8.137450
 6.625673
1904.649358
156713.492898
125.888301
2518.697212
486.698316
446.912927
14538.189659
 0.050394
630.757458
30973.503878
115711.170812
11.253420
55.391050
1768.009598
26.042618
42.411281
24489.977052
1181739.724666
5533.819107
271091.255656
9074833.467434
 8.269140
51061.983711
3932790.727096
5066012.918211
115.755903
284.222977
1992.851949
 8.346788
 3.398113
983.637877
82815.598995
64.587113
1340.168205
608.184622
229.666588
10596.267837
 0.062992
788.138547
18577.377484
79911.502517
14.004766
69.163446
1077.592924
 8.137938
 6.626750
1893.119290
22680.467382
89.749843
2597.165937
18391.406368
 0.032301
398.921748
61449.855111
158312.903694
 7.234744
35.527872
498.212987
 4.173394
 6.796227
3934.551509
662524.791963
1033.393802
42885.382563
38923.815826
29397.323262
2712644.566243
 8.269735
51764.028670
2606226.137335
3846137.859673
115.661760
284.203055
2294.266984
 8.347177
 3.398343
986.132875
46360.256402
61.350399
1370.149177
68067.880070
 0.125915
1427.140865
92916.801886
425489.752679
28.182711
138.400549
1022.278397
16.270098
13.246690
3715.675132
283302.181917
251.370732
4457.200313
312.031759
887.154076
14077.085808
 0.032304
404.406474
40722.283396
120191.808115
 7.228860
35.525382
573.566746
 4.173589
 6.796686
3944.531500
370882.051218
981.606391
43844.773677
4356344.324487
16.117156
365348.061320
49995452.696073
74214800.753330
1805.489945
4433.149821
27522.993542
130.202821
53.007141
7636.750508
316603.007633
251.814958
5100.023716
1216.680288
894.460451
32325.762748
 0.125984
1576.786384
65150.485631
253559.572659
28.111902
138.451387
2200.277521
16.276504
13.253521
3819.485109
78236.646145
208.749207
5277.008902
71176.236077
 0.125967
1535.880541
195294.737094
579803.130885
28.210780
138.535932
1720.187096
16.275353
13.251785
3818.375254
633206.015267
1007.259833
40800.189726
19466.884608
28622.734421
2068848.815863
16.125980
403657.314431
6870191.931706
15372577.693966
1786.788277
4422.902102
33862.065018
130.202511
53.013921
7513.957002
32966.367878
159.502998
5122.523302
25680.040833
 0.044992
557.952761
92289.526722
225175.620360
10.077504
49.487850
723.906583
 5.813042
 4.733184
1372.112416
116097.639025
89.969159
1881.592004
1216.091077
320.034434
16200.338805
 0.125984
1575.821693
26836.687233
120098.263234
27.918567
138.215691
2116.379064
16.275314
13.253480
3756.978501
65932.735756
638.011992
40980.186417
410880.653332
 1.439748
35708.976685
11813059.420431
57644958.812281
7217.497978
17721.839344
77325.661063
520.706903
211.977954
30031.786557
1180298.490713
503.078094
4680.996394
434.603878
889.911365
17912.738486
 0.044994
563.261144
47474.184092
150147.870382
10.064858
49.477057
797.098739
 5.813189
 4.733405
1372.255703
54834.650813
83.792886
1905.166108
69214.414155
 0.125935
1466.524389
115978.282498
473267.343678
28.193351
138.451870
1208.213454
16.272091
13.248622
3753.973320
295074.622678
251.539047
9361.992789
1738.415513
7119.290919
286603.815779
 1.439820
36048.713221
6076695.563785
38437854.817772
7191.113852
17718.420337
140200.219043
520.843898
212.056261
30499.499268
271518.158566
403.651036
5259.385225
59469.605421
 0.104975
1285.529746
173747.886706
493454.465501
23.510329
115.453100
1492.029920
13.563046
11.043399
3187.041957
265630.298301
209.867113
4285.540823
1216.614792
745.736680
29106.646194
 0.125984
1576.679138
56230.649154
225692.390206
28.090288
138.425159
2190.628423
16.276372
13.253516
3812.437409
67879.539642
201.825518
10518.770450
237878.421685
 0.839797
20568.475944
5559932.374597
31581085.792038
3009.322162
29555.993728
156958.561711
631.331147
257.026017
37252.611303
1575687.585653
610.697327
6383.879583
2026.845728
271.539352
13689.980307
 0.104987
1313.207062
22735.300774
101566.881009
23.269918
115.185189
1765.519241
13.562789
11.044568
3132.239298
27920.747009
133.795940
4272.243609
21786.875032
 0.038175
473.332321
78051.468056
190889.533511
 8.550590
41.989599
613.119382
 4.932275
 4.016032
1164.144103
98480.474103
76.337166
1595.969896
1013.422864
543.078704
54759.921228
 0.839894
21011.312990
727529.624759
6500280.384557
2978.549477
29487.408418
167557.109777
631.309304
257.037609
36749.222740
230271.616020
441.765189
6306.718482
23506.375153
 0.020652
254.857303
38778.422659
100838.245789
 4.625447
22.714325
316.161922
 2.668227
 2.172556
628.713686
52886.090822
41.292691
855.600750
368.606810
146.824256
6667.357178
 0.038177
477.676212
11800.887890
50423.106130
 8.491041
41.921268
654.519960
 4.932104
 4.016213
1148.413211
14391.976001
55.220649
1576.679620
11753.187576
 0.041303
1019.429213
310227.381273
1613411.932619
148.014313
1453.716824
40468.726035
683.066110
1615.047686
228589.220091
8957301.365189
3832.731540
35495.000680
1595.927972
1694.567672
16628.248046
 0.020653
258.547232
22255.324552
69841.185796
 4.620164
22.711058
365.986701
 2.668350
 2.172711
629.963313
25664.937868
38.558054
874.693297
32906.456671
 0.059968
696.514368
53952.446472
222980.813827
13.424923
65.927134
565.543292
 7.748524
 6.308780
1785.853282
139957.833831
119.772861
2218.437543
199.490996
423.641918
8314.124023
 0.041306
1034.188927
178042.596418
1117458.972743
147.845253
1453.507681
46846.297757
683.097713
1615.667039
232601.954392
2222848.394112
3129.812101
40141.729280
247908.973922
 0.219075
1338.606584
87811.901741
254859.850815
12.265923
60.234781
763.537615
 7.076309
 5.761712
1661.540199
138140.370466
109.490566
2227.032368
579.356714
388.991909
14623.089746
 0.059992
750.826340
28845.141408
114037.561183
13.381717
65.923284
1045.558159
 7.750686
 6.311199
1817.202769
34732.006158
97.806628
2508.858080
30988.621740
 0.054769
669.303292
175623.803482
1019439.403258
98.127384
963.756490
24433.203677
452.883763
737.499167
425354.291009
12247694.485133
4741.958558
49633.695383
16918.815563
2108.575584
54006.344330
 0.219103
1370.206837
11100.474103
49931.298457
12.131252
60.084884
917.123879
 7.076178
 5.762381
1631.147692
13646.564483
67.955099
2221.528762
10577.315875
 0.018526
229.861405
38366.255750
92958.395982
 4.149587
20.377480
299.650800
 2.393611
 1.948963
565.089926
47842.556583
37.046551
775.526490
528.712986
131.785974
6750.793041
 0.054776
685.103419
22200.948205
199725.193829
97.050020
961.358144
29347.964112
452.875419
737.584797
417573.809197
3494209.310036
4073.240453
49837.879739
420070.171679
 0.373221
2259.984175
131690.855716
207998.018534
 5.223753
25.652559
300.229233
 3.013867
 2.453950
705.363588
58020.477523
46.625033
932.426731
178.933488
165.518957
5364.542708
 0.018527
231.896588
11450.814711
42717.858876
 4.137380
20.364470
325.044060
 2.393624
 1.949048
562.759907
13649.255117
31.822191
778.716871
13127.192865
 0.023326
282.498022
32922.713929
103999.009267
10.447507
102.610235
2401.833868
48.221875
78.526398
45143.269639
7426621.122949
11936.008563
169986.527415
28836.379278
7345.581381
153768.192621
 0.373287
2335.626784
35681.528133
73691.075149
 5.197022
25.628355
403.509148
 3.014113
 2.454354
704.418295
10819.663986
35.919009
970.000812
9169.586488
 0.016150
198.512587
28352.293930
77308.554561
 3.617149
17.762860
237.758854
 2.086655
 1.699016
490.975119
41102.748047
32.290023
664.009873
225.284213
114.774709
4805.256019
 0.023330
291.953348
8920.382033
36845.537574
10.394043
102.513419
3228.073182
48.225808
78.539323
45082.770887
1384916.990269
9195.266388
174998.453503
2962220.261290
 2.686683
15721.810572
647782.921275
1288349.297886
37.593716
92.307470
416.511708
 5.424151
 4.416324
1253.673869
99106.994412
83.856558
1574.707785
156.010495
296.804844
6282.135425
 0.016152
202.194419
16316.610309
52424.955326
 3.612643
17.760532
285.962504
 2.086783
 1.699171
492.478809
18906.583716
29.921028
683.587709
23142.345791
 0.041979
491.306580
40486.432580
161043.662236
 9.398429
46.153735
833.023417
21.696604
35.330596
20058.781906
3171423.821196
5366.819711
201562.596535
39938.686638
16161.685233
450070.224854
 2.687661
16797.726477
87720.773477
204595.848002
36.951801
91.975618
677.704074
 5.424679
 4.417812
1230.693736
6776.952018
42.419236
1655.454074
5075.447852
 0.008872
110.449447
19638.110063
45299.475582
 1.987213
 9.758648
148.761765
 1.146252
 0.933322
270.936390
23032.319758
17.741975
373.819615
405.152952
63.131583
3516.173632
 0.041995
524.928952
5482.548342
25574.481000
 9.237950
45.987809
1355.408147
21.698714
35.342498
19691.099772
216862.464586
2714.831089
211898.121491
1299314.650210
8085.704780
263466.784962
1158345.347677
5223910.391483
46277.032272
115692.580681
1029.167129
10291.671288
3517.799712
14106.687368
275036.043030
14550.293889
3610.957081
42.852390
11090.163025
2546.301431
 0.004436
55.539536
11090.163025
23333.703005
 0.993679
 4.879672
79.219253
 0.573140
 0.466674
135.743595
11618.941998
 8.872130
188.976378
159157.147610
31.584784
2058.334258
18099.146057
163247.199734
2892.314517
14461.572585
257.291782
5145.835644
7035.599423
56426.749473
2200288.344239
232804.702229
115550.626594
2742.552956
1419540.867251
651853.166242
/
