MULTX
 0.000004
 0.102301
33.093157
 0.014678
 0.013323
 0.139863
 0.066768
 0.041965
 0.109926
31.713954
 2.095424
 2.002987
44.613639
 7.463924
 7.352581
436.830774
3850.973232
671.728546
569.691520
59.750648
57.917806
493.858279
665.510861
3171.595979
3266.320471
683.791685
10.009836
10.089640
489.464776
 0.001049
 0.001048
13.061956
1776.795464
 0.234857
 0.195131
 1.086442
 0.134495
 0.039195
 0.054775
 7.837975
 0.131014
 0.119814
 1.392525
 0.058318
 0.056587
 1.706370
 4.418501
 2.878930
 2.709949
 1.024258
 1.034833
24.505121
51.578449
453.613723
911.531294
190.825587
 2.793443
 2.815713
136.594821
 0.000293
 0.000293
 3.645197
495.849897
 0.065541
 0.054455
 0.303193
 0.037533
 0.016967
 0.030677
 8.850406
 0.584769
 0.558973
12.450318
 2.082956
 2.051883
121.906263
1074.690204
187.459129
158.983680
16.674599
16.163109
137.820915
185.723961
843.923249
233.755354
26.486302
 0.175620
 0.175307
 2.354080
 0.000002
 0.000002
 0.014239
 1.154412
 0.000512
 0.000465
 0.004879
 0.002329
 0.001464
 0.003841
 2.225451
 0.292385
 0.279487
 6.225159
 1.041478
 1.025942
60.953131
537.345102
93.729565
79.491840
 8.337300
 8.081554
68.910458
92.861981
442.548276
455.765647
95.412793
 1.396721
 1.407857
68.297411
 0.000146
 0.000146
 1.822599
247.924948
 0.032771
 0.027228
 0.151597
 0.018767
 0.008484
 0.015338
 4.374684
 0.073124
 0.066873
 0.777223
 0.032549
 0.031583
 0.864152
 3.817051
 0.366131
 1.538461
 0.581480
 0.587483
13.911761
29.281516
257.520291
985.453610
361.464084
 6.343443
 6.394016
310.184073
 0.000664
 0.000664
 8.277635
1125.992474
 0.148834
 0.123659
 0.688501
 0.085232
 0.038529
 0.069662
20.097797
 1.327914
 1.269335
28.272597
 4.730045
 4.659485
276.828805
2440.442339
425.688439
361.025440
37.865236
36.703726
312.968328
421.748162
2009.906754
2069.935647
240.583906
 1.595215
 1.592375
21.382890
 0.000021
 0.000021
 0.128697
 6.653342
 0.000581
 0.000344
 0.003608
 0.001723
 0.001083
 0.002841
 1.645907
 0.432156
 0.422889
18.416095
 3.081038
 3.035077
180.319680
1589.645927
277.283295
235.163360
24.664512
23.907931
203.860103
274.716693
1309.205317
1348.306706
282.262847
 4.131967
 4.164909
202.046506
 0.000433
 0.000433
 5.391854
733.444639
 0.096947
 0.080548
 0.448473
 0.055518
 0.025097
 0.045376
13.091225
 0.864972
 0.791329
 9.197140
 0.385168
 0.373736
10.225797
45.168431
 2.185298
 1.574755
 0.096346
 0.018864
 0.446708
 0.940232
 8.269000
31.643006
11.606645
 0.402655
 0.411417
39.840156
 0.000085
 0.000085
 1.063182
144.622887
 0.019116
 0.015883
 0.088431
 0.010947
 0.004949
 0.008947
 2.581368
 0.170558
 0.163034
 3.631343
 0.607529
 0.598466
35.555993
313.451310
54.675579
46.370240
 4.863425
 4.714240
40.197767
54.169489
258.153161
265.863294
55.657463
 0.814754
 0.818101
10.985705
 0.000011
 0.000011
 0.066119
 3.418231
 0.000149
 0.000106
 0.000345
 0.000212
 0.000133
 0.000350
 0.202841
 0.053259
 0.052117
 2.270936
 1.518520
 1.496165
88.889983
783.628274
136.688948
115.925600
12.158562
11.785600
100.494417
135.423722
645.382903
664.658235
139.143657
 2.036885
 2.053124
99.600390
 0.000213
 0.000213
 2.657956
361.557216
 0.047791
 0.039707
 0.221078
 0.027368
 0.012372
 0.022369
 6.453421
 0.426394
 0.407585
 9.078357
 0.759486
 0.736945
20.163542
89.064512
 4.309038
 3.105150
 0.095826
 0.087890
 0.392556
 0.621225
 5.463447
20.906986
 7.668676
 0.266040
 0.271829
44.362270
 0.000226
 0.000226
 2.809839
382.217629
 0.050521
 0.041976
 0.233711
 0.028932
 0.013079
 0.023647
 6.822188
 0.450760
 0.430875
 9.597120
 1.605612
 1.581660
93.969411
828.407032
144.499745
122.549920
12.853337
12.459063
106.236955
143.162220
682.261926
702.638706
147.094723
 2.153279
 2.170446
105.291841
 0.000113
 0.000113
 0.698977
36.135585
 0.001579
 0.001122
 0.003451
 0.000113
 0.000051
 0.000100
 0.057954
 0.015217
 0.014890
 0.648839
 0.433863
 0.430730
53.527178
895.575170
156.215941
132.486400
13.895499
13.469257
114.850763
154.769968
737.580460
759.609412
159.021322
 2.327869
 2.346428
113.829018
 0.000244
 0.000244
 3.037664
413.208247
 0.054618
 0.045379
 0.252661
 0.031278
 0.014139
 0.025564
 7.375338
 0.487308
 0.465811
10.375265
 1.735796
 1.709903
92.176194
407.152057
19.698457
14.194971
 0.438063
 0.401782
 1.125841
 1.007955
 2.881174
 9.888439
 3.627077
 0.125830
 0.128568
20.982155
 0.000107
 0.000107
 2.664595
723.114433
 0.095581
 0.079414
 0.442156
 0.054736
 0.024744
 0.044737
12.906842
 0.852789
 0.815169
18.156713
 3.037644
 2.992330
177.779966
1567.256548
273.377897
231.851200
24.317124
23.571200
200.988834
270.847443
1290.765805
1329.316471
278.287314
 4.073770
 4.106249
199.200781
 0.000427
 0.000427
 5.289554
273.458480
 0.011948
 0.008490
 0.026119
 0.000858
 0.000249
 0.000348
 0.050417
 0.001997
 0.001954
 0.085160
 0.056945
 0.056533
 7.025442
123.718037
80.610033
69.555360
 7.295137
 7.071360
60.296650
81.254233
387.229742
398.794941
83.486194
 1.222131
 1.231875
59.760234
 0.000128
 0.000128
 1.594774
216.934330
 0.028674
 0.023824
 0.132647
 0.016421
 0.007423
 0.013421
 3.872053
 0.255837
 0.244551
 5.447014
 0.911293
 0.897699
53.333990
470.176964
41.366760
29.809440
 0.919933
 0.843742
 2.364266
 2.116706
 5.769007
 1.597937
 0.326118
 0.012134
 0.012398
 2.023279
 0.000010
 0.000010
 0.256943
83.117696
 0.036865
 0.030631
 0.170546
 0.021113
 0.009544
 0.017256
 4.978353
 0.328933
 0.314422
 7.003304
 1.171663
 1.154184
68.572273
604.513240
105.445760
89.428320
 9.379462
 9.091749
77.524265
104.469728
497.866811
512.736353
107.339392
 1.571311
 1.583839
76.834587
 0.000165
 0.000165
 2.050423
278.915567
 0.018434
 0.013099
 0.040298
 0.001324
 0.000385
 0.000537
 0.076899
 0.001285
 0.001228
 0.017235
 0.011524
 0.011441
 1.421816
25.038174
16.313935
15.356378
 5.804129
 5.724434
48.811574
65.777236
313.471696
322.834000
67.584062
 0.989344
 0.997232
48.377332
 0.000104
 0.000104
 1.291007
175.613505
 0.023213
 0.019286
 0.107381
 0.013293
 0.006009
 0.010865
 3.134519
 0.207106
 0.197970
 4.409488
 0.737713
 0.726709
43.175135
380.619447
66.391775
56.306720
 2.978829
 2.732116
 7.655718
 6.854096
18.680593
 5.174272
 0.586285
 0.003887
 0.003895
 0.468352
 0.000002
 0.000002
 0.059478
19.240207
 0.008534
 0.007746
 0.081316
 0.019549
 0.008837
 0.015978
 4.609586
 0.304567
 0.291132
 6.484541
 1.084873
 1.068689
63.492845
559.734481
97.634963
82.804000
 8.684687
 8.418286
71.781727
96.731230
460.987788
474.755882
99.388326
 1.454918
 1.466517
71.143136
 0.000152
 0.000152
 1.898540
258.255155
 0.034136
 0.028362
 0.149253
 0.004905
 0.001424
 0.001990
 0.284810
 0.004761
 0.004354
 0.050600
 0.004238
 0.003365
 0.418181
 7.364169
 4.798216
 4.516582
 1.707097
 1.724722
40.841868
77.384984
368.790230
379.804706
79.510661
 1.163934
 1.173214
56.914509
 0.000122
 0.000122
 1.518832
206.604124
 0.027309
 0.022690
 0.126330
 0.015639
 0.007070
 0.012782
 3.687669
 0.243654
 0.232905
 5.187632
 0.867898
 0.854951
50.794276
447.787585
78.107971
66.243200
 6.947750
 6.734629
36.026910
32.254568
87.908672
24.349516
 2.758990
 0.018294
 0.018261
 0.245217
 0.000000
 0.000001
 0.023196
 7.503681
 0.003328
 0.003021
 0.031713
 0.015139
 0.009515
 0.024925
 7.190955
 0.475125
 0.454166
10.115883
 1.692401
 1.667155
99.048838
873.185791
152.310543
129.174240
13.548112
13.132526
111.979493
150.900718
719.140949
740.619176
155.045789
 2.269672
 2.287767
110.983292
 0.000238
 0.000238
 2.961723
402.878041
 0.053252
 0.044245
 0.246344
 0.030496
 0.008887
 0.012420
 1.777215
 0.029707
 0.027167
 0.315747
 0.013223
 0.012831
 0.386910
 0.920521
 0.599777
 0.564573
 0.213387
 0.215590
 5.105234
10.745510
94.502859
189.902353
39.755331
 0.581967
 0.586607
28.457254
 0.000061
 0.000061
 0.759416
103.302062
 0.013654
 0.011345
 0.063165
 0.007819
 0.003535
 0.006391
 1.843835
 0.121827
 0.116453
 2.593816
 0.433949
 0.427476
25.397138
223.893793
39.053985
33.121600
 3.473875
 3.367314
28.712691
38.692492
175.817343
48.699032
 5.517979
 0.036588
 0.036522
 0.490433
 0.000000
 0.000000
 0.002966
 0.481005
 0.000213
 0.000194
 0.002033
 0.000970
 0.000610
 0.001600
 0.927271
 0.121827
 0.116453
 2.593816
 0.433949
 0.427476
25.397138
223.893793
39.053985
33.121600
 3.473875
 3.367314
28.712691
38.692492
184.395115
189.902353
39.755331
 0.581967
 0.586607
28.457254
 0.000061
 0.000061
 0.759416
103.302062
 0.013654
 0.011345
 0.063165
 0.007819
 0.003535
 0.006391
 1.822785
 0.030468
 0.027864
 0.323843
 0.013562
 0.013160
 0.360063
 1.590438
 0.152555
 0.395201
 0.149371
 0.150913
 3.573663
 7.521857
66.152001
253.144047
92.853159
 1.629508
 1.642499
79.680312
 0.000171
 0.000171
 2.126365
289.245773
 0.038232
 0.031766
 0.176863
 0.021894
 0.009897
 0.017895
 5.162737
 0.341116
 0.326068
 7.262685
 1.215057
 1.196932
71.111986
626.902619
109.351159
92.740480
 9.726850
 9.428480
80.395534
108.338977
516.306322
531.726588
61.801370
 0.409780
 0.409050
 5.492853
 0.000005
 0.000005
 0.033060
 1.709115
 0.000149
 0.000048
 0.000508
 0.000243
 0.000152
 0.000400
 0.231818
 0.060867
 0.059562
 2.593816
 0.433949
 0.427476
25.397138
223.893793
39.053985
33.121600
 3.473875
 3.367314
28.712691
38.692492
184.395115
189.902353
39.755331
 0.581967
 0.586607
28.457254
 0.000061
 0.000061
 0.759416
103.302062
 0.013654
 0.011345
 0.063165
 0.007819
 0.003535
 0.006391
 1.843835
 0.121827
 0.111455
 1.295372
 0.054249
 0.052639
 1.440253
 6.361751
 0.307788
 0.221796
 0.013570
 0.016169
 0.382893
 0.805913
 7.087714
27.122576
 9.948553
 0.345133
 0.352643
34.148705
 0.000073
 0.000073
 0.911299
123.962474
 0.016385
 0.013614
 0.075798
 0.009383
 0.004242
 0.007669
 2.212601
 0.146192
 0.139743
 3.112579
 0.520739
 0.512971
30.476566
268.672551
46.864782
39.745920
 4.168650
 4.040777
34.455229
46.430990
221.274138
227.882824
47.706397
 0.698361
 0.701229
 9.416319
 0.000009
 0.000009
 0.056674
 2.929912
 0.000128
 0.000091
 0.000296
 0.000200
 0.000126
 0.000330
 0.191250
 0.050215
 0.049139
 2.141168
 1.431748
 1.410670
83.810555
738.849515
128.878151
109.301280
11.463787
11.112137
94.751879
127.685223
608.503880
626.677765
131.192591
 1.920492
 1.935803
93.908939
 0.000201
 0.000201
 2.506073
340.896804
 0.045060
 0.037438
 0.208445
 0.025804
 0.011665
 0.021090
 6.084654
 0.402029
 0.384294
 8.559594
 0.716087
 0.694834
19.011340
83.975112
 4.062807
 2.927713
 0.090351
 0.082868
 0.370125
 1.024181
 9.007304
34.468274
12.642952
 0.438606
 0.448150
73.137796
 0.000372
 0.000372
 4.632438
630.142577
 0.083292
 0.069203
 0.385308
 0.047699
 0.021562
 0.038985
11.247391
 0.743145
 0.710362
15.822279
 2.647089
 2.607602
154.922542
1365.752135
238.229310
202.041760
21.190637
20.540617
175.147413
236.024201
1124.810202
1158.404353
242.507516
 3.550000
 3.578302
173.589252
 0.000186
 0.000186
 1.152367
59.574883
 0.002603
 0.001850
 0.005690
 0.000187
 0.000084
 0.000053
 0.030426
 0.007989
 0.007817
 0.340640
 0.227778
 0.226133
28.101768
470.176964
82.013369
69.555360
 7.295137
 7.071360
60.296650
81.254233
387.229742
398.794941
83.486194
 1.222131
 1.231875
59.760234
 0.000128
 0.000128
 1.594774
216.934330
 0.028674
 0.023824
 0.132647
 0.016421
 0.007423
 0.013421
 3.872053
 0.255837
 0.244551
 5.447014
 0.911293
 0.897699
48.392502
213.754830
10.341690
 7.452360
 0.229983
 0.210935
 0.591066
 0.529177
 1.512616
 3.249059
 1.191754
 0.041344
 0.042244
 6.894137
 0.000035
 0.000035
 0.875510
237.594742
 0.031405
 0.026093
 0.145280
 0.017985
 0.008130
 0.014699
 4.240819
 0.280202
 0.267841
 5.965777
 0.998083
 0.983194
58.413417
514.955723
89.824166
76.179680
 7.989912
 7.744823
66.039188
88.992731
424.108765
436.775412
91.437260
 1.338525
 1.349196
65.451685
 0.000140
 0.000140
 1.737996
89.850643
 0.003926
 0.002790
 0.008582
 0.000282
 0.000082
 0.000114
 0.016566
 0.006467
 0.006328
 0.275756
 0.184392
 0.183060
22.749051
400.610788
261.022964
225.226880
23.622349
22.897737
195.246296
263.108945
1253.886782
1291.336000
270.336248
 3.957377
 3.988927
193.509330
 0.000415
 0.000414
 5.164029
702.454021
 0.092850
 0.077145
 0.429523
 0.053172
 0.024037
 0.043459
12.538075
 0.828423
 0.791879
17.637950
 2.950854
 2.906834
172.700539
1522.477789
133.949510
96.525806
 2.978829
 2.732116
 7.655718
 6.854096
18.680593
 5.174272
 1.056001
 0.024267
 0.024795
 4.046558
 0.000021
 0.000021
 0.513886
166.235392
 0.073731
 0.061262
 0.341092
 0.042225
 0.019088
 0.034512
 9.956707
 0.657866
 0.628845
14.006608
 2.343325
 2.308369
137.144545
1209.026480
210.891520
178.856640
18.758924
18.183497
155.048529
208.939456
995.733621
1025.472706
214.678785
 3.142623
 3.167678
153.669174
 0.000329
 0.000329
 4.100847
557.831134
 0.036868
 0.026199
 0.080597
 0.002649
 0.000769
 0.001075
 0.153797
 0.002571
 0.002456
 0.079077
 0.052877
 0.052495
 6.523625
114.881035
74.852174
70.458676
26.630708
26.265051
223.958987
301.801437
1438.281898
1481.238353
310.091578
 4.539344
 4.575534
221.966584
 0.000475
 0.000475
 5.923445
805.756082
 0.106505
 0.088490
 0.492689
 0.060992
 0.027571
 0.049850
14.381910
 0.950250
 0.908331
20.231766
 3.384803
 3.334310
198.097677
1746.371582
304.621085
258.348480
13.667569
12.535593
35.126237
31.448204
85.710955
23.740778
 2.690015
 0.017836
 0.017873
 0.562022
 0.000003
 0.000003
 0.071373
23.088249
 0.010240
 0.009295
 0.097579
 0.023458
 0.010604
 0.019173
 5.531504
 0.365481
 0.349358
 7.781449
 1.301847
 1.282427
76.191414
671.681378
117.161956
99.364800
10.421625
10.101943
86.138072
116.077476
553.185345
569.707059
119.265992
 1.745902
 1.759821
85.371763
 0.000183
 0.000183
 2.278248
309.906186
 0.040963
 0.034034
 0.179104
 0.005886
 0.001709
 0.002388
 0.341772
 0.005713
 0.005224
 0.060721
 0.005085
 0.023892
 2.969086
52.285599
34.067335
32.067731
12.120386
12.245526
289.977263
549.433385
2618.410634
2696.613412
564.525694
 8.263934
 8.329819
404.093012
 0.000866
 0.000866
10.783708
1466.889278
 0.193893
 0.161096
 0.896946
 0.111036
 0.050194
 0.090752
26.182451
 1.729943
 1.653629
36.832190
 6.162077
 6.070154
360.639360
3179.291854
554.566591
470.326720
49.329023
47.815863
255.791058
229.007432
624.151569
172.881564
19.588827
 0.129886
 0.129654
 1.741038
 0.970455
/
