MULTZ
 1.250076
7824.734715
377428.870740
566736.201752
17.482226
42.960004
346.631935
 1.261781
 0.513703
149.035167
6738.731240
 9.232766
207.035981
9499.170937
 0.017489
199.758338
13688.689016
60864.655238
 3.914691
19.224350
148.564892
 2.259815
 1.839895
517.586116
39804.696223
34.919328
627.694776
47.167304
123.325846
2083.590520
 0.004883
61.130740
5897.326105
17710.506305
 1.092639
 5.370001
86.657984
 0.630891
 1.027406
596.140668
53909.849921
147.724263
6625.151384
607946.939996
 2.238593
51138.134554
10063940.245355
18323674.037787
501.352800
1231.015273
6188.434692
36.163423
14.722253
2101.292318
84519.465526
69.906000
1349.557729
169.006119
247.757626
6205.456009
 0.017498
219.035356
14995.496751
50941.510070
 3.911956
19.238472
308.996708
 2.260671
 1.840768
532.947068
17567.263501
31.712734
739.109610
19464.671653
 0.034986
415.711164
39312.266583
143153.703420
 7.833638
38.469227
386.777168
 4.520428
 3.680563
1050.646159
169038.931051
279.623999
10796.461830
2704.097909
7928.244046
397149.184581
 2.239720
56073.051163
1216289.514680
2829245.092023
493.049093
1226.563513
9071.437311
36.164805
14.726046
2054.674834
5870.528806
36.072318
1383.727015
4407.407656
 0.007705
95.902572
16973.627227
39294.055721
 1.725892
 8.475375
128.867664
 0.995521
 0.810591
235.288524
19996.139950
15.408849
324.513144
337.644862
54.828485
3035.118154
 0.034996
437.469274
4751.130917
22103.477281
 7.703892
38.330110
566.964832
 4.520601
 3.681511
1027.337417
11741.057611
144.289273
11069.816117
70518.522497
 0.246567
6137.764628
2172624.285017
10059278.264450
677.993665
1664.732260
9180.560838
48.899553
19.907372
2853.706174
116387.069129
47.273776
466.459773
74.421680
83.859434
2449.296816
 0.007705
96.450970
5507.663381
19761.503467
 1.721692
 8.470772
135.614792
 0.995519
 0.810613
234.362849
6518.932513
13.579570
324.649120
6627.360387
 0.011827
142.214311
15238.765402
51026.256819
 2.648413
13.005721
143.446263
 1.528111
 1.244211
356.713272
29096.767282
23.636888
932.919546
297.686721
670.875475
39188.749058
 0.246575
6172.862091
704980.912821
5058944.887652
677.835067
1665.283236
13460.315584
48.907523
19.911420
2890.545996
75825.842848
45.462056
502.249450
31851.398193
 0.059950
660.695756
36514.061605
182946.006234
13.414947
65.879018
418.253517
 7.746655
 6.306968
1750.352389
129407.636945
119.615112
2019.647964
114.266973
421.064985
5458.620747
 0.011830
148.095495
16840.880670
47204.797532
 2.647793
13.010025
210.317431
 1.528360
 1.244464
361.318249
18956.460712
22.731028
1004.498899
127405.592773
 0.479598
10571.132095
1168449.971373
11708544.399002
1717.113207
16865.028520
97676.175697
396.835114
161.558431
23407.764955
988935.989953
383.858382
4005.244435
1158.275466
170.664222
8413.987746
 0.059992
750.467806
14168.034849
62689.056007
13.309812
65.835675
1014.245227
 7.750244
 6.311184
1793.930384
17373.776118
79.062423
2451.256992
13686.690719
 0.023996
297.234363
48182.953509
119397.783482
 5.374589
26.393138
381.547561
 3.100274
 2.524350
731.492655
61808.499372
47.982298
1001.311109
579.137733
341.328444
33655.950984
 0.479940
12007.484900
453377.115169
4012099.584444
1703.655895
16853.932820
107154.869524
396.835749
161.566714
23268.381396
228475.233821
315.006487
4016.732591
25670.944545
 0.022697
277.128813
35926.063633
105180.046516
 5.083118
24.961884
313.938506
 2.932514
 2.387726
688.350169
57170.846260
45.373559
921.400090
231.745062
161.188789
5968.682379
 0.023997
300.334427
11871.564962
46651.281832
 5.353471
26.370265
418.573709
 3.100279
 2.524480
727.136919
14279.702114
39.375811
1004.183148
12835.472273
 0.045394
1108.515251
287408.509062
1682880.744261
162.659771
1597.560595
40184.128772
750.723487
565.415132
81516.941998
3387396.308736
1343.074494
13650.979515
1753.735113
596.434004
11149.036992
 0.022700
284.097821
11029.525889
43508.500172
 5.063628
24.944280
395.739729
 2.932694
 2.388021
687.680143
13275.509371
37.096547
949.522514
11876.732495
 0.020995
256.485504
33503.829229
97548.810107
 4.701918
23.089906
291.850771
 2.712581
 2.208653
636.851109
52928.067324
41.971078
853.186220
219.216889
149.108501
5574.518496
 0.045400
1136.391283
88236.207108
696136.002757
162.036099
1596.433906
50654.685345
750.769606
565.482835
80921.379480
530807.872226
986.429888
13897.390829
54597.973132
 0.047990
295.880349
22217.139870
58346.539585
 2.687137
13.195806
182.210874
 1.550108
 1.262147
365.146293
30685.715686
23.988642
496.294312
202.739119
85.290517
3808.210388
 0.020997
262.730714
6808.379110
28885.246143
 4.671837
23.058847
360.754096
 2.712668
 2.208917
632.198277
8293.873004
30.825934
868.586927
6824.746642
 0.011998
147.940174
44434.279740
233386.158341
21.497092
211.132894
5830.747957
99.206884
161.554757
93477.451068
23507057.696811
10217.951965
92845.699727
3708.676814
4513.383418
40183.999320
 0.047994
300.411783
13949.754141
42526.970197
 2.684554
13.194597
212.831357
 1.550187
 1.262242
366.129390
15990.616065
22.593667
508.536470
21794.836285
 0.039976
459.416340
32863.776024
142486.238300
 8.948632
43.945074
352.476446
 5.165436
 4.205614
1185.811554
91824.444128
79.827750
1450.714058
115.896150
282.086464
5022.999915
 0.011998
150.205892
27899.508282
170107.880789
21.476429
211.113545
6810.603414
99.211989
161.566922
93729.123826
5220380.850319
8086.221178
106704.623831
564354.969883
 0.497661
3051.655582
210670.825866
294507.178777
 6.966156
34.208967
448.183901
 4.018705
 3.272142
944.809797
78884.114928
62.184954
1273.337331
386.218008
220.993900
8861.987094
 0.039995
500.518470
16861.622714
68425.426297
 8.914614
43.940927
694.133001
 5.167084
 4.207465
1209.341245
20392.112697
63.173603
1667.259747
17636.092809
 0.031104
381.456948
52667.706467
147253.589388
13.932313
136.835869
3585.471205
64.299281
104.708551
60467.827001
10097166.710742
15919.348200
497450.065443
38456.939317
22411.763799
321197.922592
 0.497715
3115.032152
91110.666271
162332.999628
 6.951115
34.197527
547.746303
 4.018950
 3.272476
946.322333
26925.742612
55.039589
1311.101030
27656.077130
 0.049395
593.139020
62596.296463
211793.332509
11.060817
54.317039
592.530421
 6.382073
 5.196373
1489.053787
121266.698526
98.715578
1943.164318
300.444838
350.183809
10037.435081
 0.031107
389.379019
22777.666568
81166.499814
13.902230
136.790108
4381.970423
64.303206
104.719243
60564.629304
3446495.054317
14090.134805
525626.021756
2441786.243256
 2.149926
13217.306732
948587.308939
1288476.930517
30.094807
73.893806
496.088027
 4.340249
 3.533959
1021.348409
85536.926287
67.163753
1381.999575
477.069094
238.739747
10059.100558
 0.049406
618.248652
18604.980314
77049.987840
11.004353
54.270466
854.003008
 6.382821
 5.197455
1491.350423
22575.964560
75.748164
2053.226647
19076.455025
 0.033593
413.040835
59286.706809
161059.616315
 7.523702
36.946903
992.176053
17.360995
28.271675
16341.574540
2737181.641177
4298.480171
176895.945537
122129.688181
76273.139539
1240592.184209
 2.150131
13456.159107
330384.041361
617126.244329
30.009119
73.854733
589.336533
 4.340436
 3.534273
1020.415711
24619.577597
57.643949
1411.933623
23632.378821
 0.041987
508.619337
59451.277820
187408.412565
 9.402786
46.174750
541.525113
 5.424966
 4.417115
1269.766238
104475.661932
83.925534
1679.131475
324.465544
297.941951
9692.126439
 0.033596
420.504972
20649.002585
77140.780541
 7.502280
36.927367
1178.673066
17.361745
28.274187
16326.651368
787826.483111
3689.212738
180727.503771
6049888.978289
 5.512760
34041.322474
2621860.484731
3377341.945474
77.170602
189.481985
1328.567966
 5.564525
 2.265409
655.758585
55210.399330
43.058075
893.445470
405.456415
153.111059
7064.178558
 0.041995
525.425698
12384.918323
53274.335012
 9.336511
46.108964
718.395283
 5.425292
 4.417833
1262.079527
15120.311588
59.833229
1731.443958
12260.937579
 0.021534
265.947832
40966.570074
105541.935796
 4.823163
23.685248
332.141991
 2.782263
 4.530818
2623.034339
441683.194642
688.929201
28590.255042
25949.210551
19598.215508
1808429.710829
 5.513157
34509.352446
1737484.091557
2564091.906449
77.107840
189.468703
1529.511322
 5.564785
 2.265562
657.421917
30906.837601
40.900266
913.432785
45378.586713
 0.083944
951.427243
61944.534590
283659.835119
18.788474
92.267033
681.518932
10.846732
 8.831127
2477.116755
188868.121278
167.580488
2971.466875
208.021173
591.436051
9384.723872
 0.021536
269.604316
27148.188931
80127.872077
 4.819240
23.683588
382.377831
 2.782392
 4.531124
2629.687666
247254.700812
654.404261
29229.849118
2904229.549658
10.744771
243565.374213
33330301.797382
49476533.835553
1203.659963
2955.433214
18348.662361
86.801881
35.338094
5091.167005
211068.671756
167.876639
3400.015811
811.120192
596.306967
21550.508499
 0.083989
1051.190923
43433.657087
169039.715106
18.741268
92.300925
1466.851681
10.851003
 8.835681
2546.323406
52157.764096
139.166138
3518.005935
47450.824051
 0.083978
1023.920360
130196.491396
386535.420590
18.807187
92.357288
1146.791398
10.850235
 8.834524
2545.583503
422137.343511
671.506555
27200.126484
12977.923072
19081.822947
1379232.543909
10.750654
269104.876287
4580127.954471
10248385.129310
1191.192185
2948.601401
22574.710012
86.801674
35.342614
5009.304668
21977.578585
106.335332
3415.015535
17120.027222
 0.029995
371.968507
61526.351148
150117.080240
 6.718336
32.991900
482.604388
 3.875361
 3.155456
914.741611
77398.426017
59.979439
1254.394669
810.727385
213.356290
10800.225870
 0.083989
1050.547795
17891.124822
80065.508823
18.612378
92.143794
1410.919376
10.850209
 8.835654
2504.652334
43955.157171
425.341328
27320.124278
273920.435555
 0.959832
23805.984457
7875372.946954
38429972.541521
4811.665318
11814.559563
51550.440709
347.137935
141.318636
20021.191038
786865.660475
335.385396
3120.664263
289.735919
593.274243
11941.825657
 0.029996
375.507429
31649.456061
100098.580255
 6.709905
32.984705
531.399160
 3.875459
 3.155604
914.837135
36556.433875
55.861924
1270.110739
46142.942770
 0.083956
977.682926
77318.854999
315511.562452
18.795568
92.301247
805.475636
10.848060
 8.832415
2502.648880
196716.415119
167.692698
6241.328526
1158.943675
4746.193946
191069.210519
 0.959880
24032.475481
4051130.375857
25625236.545182
4794.075901
11812.280225
93466.812695
347.229265
141.370841
20332.999512
181012.105711
269.100691
3506.256817
39646.403614
 0.069983
857.019831
115831.924471
328969.643667
15.673553
76.968734
994.686613
 9.042030
 7.362266
2124.694638
177086.865534
139.911409
2857.027215
811.076528
497.157787
19404.430796
 0.083989
1051.119425
37487.099436
150461.593471
18.726859
92.283439
1460.418948
10.850915
 8.835678
2541.624939
45253.026428
134.550345
7012.513633
158585.614457
 0.559864
13712.317296
3706621.583065
21054057.194692
2006.214775
19703.995818
104639.041141
420.887431
171.350678
24835.074202
1050458.390435
407.131551
4255.919722
1351.230485
181.026235
9126.653538
 0.069991
875.471375
15156.867182
67711.254006
15.513279
76.790126
1177.012827
 9.041859
 7.363045
2088.159532
18613.831339
89.197294
2848.162406
14524.583355
 0.025450
315.554881
52034.312038
127259.689007
 5.700393
27.993066
408.746254
 3.288183
 2.677354
776.096069
65653.649402
50.891444
1063.979930
675.615243
362.052469
36506.614152
 0.559930
14007.541993
485019.749840
4333520.256371
1985.699652
19658.272279
111704.739851
420.872869
171.358406
24499.481826
153514.410680
294.510126
4204.478988
15670.916768
 0.013768
169.904869
25852.281773
67225.497192
 3.083632
15.142884
210.774615
 1.778818
 1.448371
419.142457
35257.393881
27.528461
570.400500
245.737874
97.882837
4444.904785
 0.025451
318.450808
7867.258593
33615.404087
 5.660694
27.947512
436.346640
 3.288069
 2.677475
765.608807
9594.650667
36.813766
1051.119747
7835.458384
 0.027535
679.619475
206818.254182
1075607.955079
98.676209
969.144550
26979.150690
455.377406
1076.698457
152392.813394
5971534.243460
2555.154360
23663.333787
1063.951981
1129.711781
11085.498697
 0.013769
172.364821
14836.883035
46560.790531
 3.080109
15.140705
243.991134
 1.778900
 1.448474
419.975542
17109.958579
25.705370
583.128864
21937.637780
 0.039979
464.342912
35968.297648
148653.875885
 8.949948
43.951422
377.028861
 5.165683
 4.205853
1190.568855
93305.222554
79.848574
1478.958362
132.993998
282.427945
5542.749349
 0.027538
689.459285
118695.064279
744972.648495
98.563502
969.005121
31230.865171
455.398475
1077.111359
155067.969595
1481898.929408
2086.541400
26761.152853
165272.649281
 0.146050
892.404389
58541.267827
169906.567210
 8.177282
40.156520
509.025077
 4.717539
 3.841141
1107.693466
92093.580310
72.993711
1484.688245
386.237809
259.327939
9748.726498
 0.039995
500.550893
19230.094272
76025.040789
 8.921145
43.948856
697.038772
 5.167124
 4.207466
1211.468512
23154.670772
65.204419
1672.572053
20659.081160
 0.036512
446.202195
117082.535655
679626.268839
65.418256
642.504327
16288.802451
301.922509
491.666112
283569.527339
8165129.656755
3161.305706
33089.130255
11279.210375
1405.717056
36004.229553
 0.146069
913.471225
7400.316068
33287.532305
 8.087502
40.056589
611.415919
 4.717452
 3.841587
1087.431795
9097.709655
45.303400
1481.019175
7051.543917
 0.012351
153.240937
25577.503833
61972.263988
 2.766392
13.584987
199.767200
 1.595740
 1.299309
376.726617
31895.037722
24.697701
517.017660
352.475324
87.857316
4500.528694
 0.036517
456.735612
14800.632137
133150.129220
64.700013
640.905430
19565.309408
301.916946
491.723198
278382.539465
2329472.873358
2715.493635
33225.253159
280046.781119
 0.248814
1506.656117
87793.903811
138665.345690
 3.482502
17.101706
200.152822
 2.009245
 1.635967
470.242392
38680.318349
31.083356
621.617821
119.288992
110.345971
3576.361806
 0.012351
154.597726
7633.876474
28478.572584
 2.758254
13.576313
216.696040
 1.595749
 1.299365
375.173271
9099.503412
21.214794
519.144581
8751.461910
 0.015551
188.332015
21948.475953
69332.672845
 6.965005
68.406824
1601.222579
32.147916
52.350932
30095.513093
4951080.748633
7957.339042
113324.351610
19224.252852
4897.054254
102512.128414
 0.248858
1557.084523
23787.685422
49127.383432
 3.464681
17.085570
269.006098
 2.009409
 1.636236
469.612197
7213.109324
23.946006
646.667208
6113.057658
 0.010767
132.341725
18901.529287
51539.036374
 2.411433
11.841907
158.505903
 1.391103
 1.132677
327.316746
27401.832031
21.526682
442.673248
150.189475
76.516473
3203.504013
 0.015554
194.635565
5946.921355
24563.691716
 6.929362
68.342279
2152.048788
32.150539
52.359549
30055.180591
923277.993513
6130.177592
116665.635669
1974813.507526
 1.791122
10481.207048
431855.280850
858899.531924
25.062477
61.538313
277.674472
 3.616101
 2.944216
835.782579
66071.329608
55.904372
1049.805190
104.006996
197.869896
4188.090283
 0.010768
134.796279
10877.740206
34949.970217
 2.408429
11.840355
190.641670
 1.391189
 1.132781
328.319206
12604.389144
19.947352
455.725139
15428.230528
 0.027986
327.537720
26990.955053
107362.441491
 6.265619
30.769157
555.348945
14.464403
23.553731
13372.521271
2114282.547464
3577.879808
134375.064357
26625.791092
10774.456822
300046.816569
 1.791774
11198.484318
58480.515651
136397.232001
24.634534
61.317079
451.802716
 3.616452
 2.945208
820.462490
4517.968012
28.279491
1103.636049
3383.631902
 0.005915
73.632964
13092.073375
30199.650388
 1.324809
 6.505765
99.174510
 0.764168
 0.622215
180.624260
15354.879839
11.827984
249.213077
270.101968
42.087722
2344.115754
 0.027996
349.952635
3655.032228
17049.654000
 6.158633
30.658539
903.605432
14.465810
23.561666
13127.399848
144574.976391
1809.887393
141265.414327
866209.766807
5390.469853
175644.523308
772230.231784
3482606.927655
30851.354848
77128.387121
686.111419
6861.114192
2345.199808
9404.458246
183357.362020
9700.195926
2407.304721
28.568260
7393.442017
1697.534287
 0.002957
37.026358
7393.442017
15555.802004
 0.662452
 3.253114
52.812835
 0.382093
 0.311116
90.495730
7745.961332
 5.914754
125.984252
106104.765073
21.056523
1372.222838
12066.097372
108831.466489
1928.209678
9641.048390
171.527855
3430.557096
4690.399616
37617.832982
1466858.896159
155203.134819
77033.751063
1828.368637
946360.578167
434568.777494
/
