VOLUME
343576412.160000
171788206.080000
85894103.040000
42947051.520000
21473525.760000
10736762.880000
5368381.440000
2684190.720000
1342095.360000
1342095.360000
1342095.360000
1342095.360000
1342095.360000
1342095.360000
1342095.360000
1342095.360000
1342095.360000
1342095.360000
1342095.360000
1342095.360000
1342095.360000
1342095.360000
1342095.360000
1342095.360000
1342095.360000
1342095.360000
1342095.360000
1342095.360000
1342095.360000
1342095.360000
1342095.360000
1342095.360000
1342095.360000
1342095.360000
1342095.360000
1342095.360000
1342095.360000
1342095.360000
2684190.720000
5368381.440000
10736762.880000
21473525.760000
42947051.520000
85894103.040000
171788206.080000
343576412.160000
95881789.440000
47940894.720000
23970447.360000
11985223.680000
5992611.840000
2996305.920000
1498152.960000
749076.480000
374538.240000
374538.240000
374538.240000
374538.240000
374538.240000
374538.240000
374538.240000
374538.240000
374538.240000
374538.240000
374538.240000
374538.240000
374538.240000
374538.240000
374538.240000
374538.240000
374538.240000
374538.240000
374538.240000
374538.240000
374538.240000
374538.240000
374538.240000
374538.240000
374538.240000
374538.240000
374538.240000
374538.240000
374538.240000
374538.240000
749076.480000
1498152.960000
2996305.920000
5992611.840000
11985223.680000
23970447.360000
47940894.720000
95881789.440000
47940894.720000
23970447.360000
11985223.680000
5992611.840000
2996305.920000
1498152.960000
749076.480000
374538.240000
187269.120000
187269.120000
187269.120000
187269.120000
187269.120000
187269.120000
187269.120000
187269.120000
187269.120000
187269.120000
187269.120000
187269.120000
187269.120000
187269.120000
187269.120000
187269.120000
187269.120000
187269.120000
187269.120000
187269.120000
187269.120000
187269.120000
187269.120000
187269.120000
187269.120000
187269.120000
187269.120000
187269.120000
187269.120000
187269.120000
374538.240000
749076.480000
1498152.960000
2996305.920000
5992611.840000
11985223.680000
23970447.360000
47940894.720000
217731563.520000
108865781.760000
54432890.880000
27216445.440000
13608222.720000
6804111.360000
3402055.680000
1701027.840000
850513.920000
850513.920000
850513.920000
850513.920000
850513.920000
850513.920000
850513.920000
850513.920000
850513.920000
850513.920000
850513.920000
850513.920000
850513.920000
850513.920000
850513.920000
850513.920000
850513.920000
850513.920000
850513.920000
850513.920000
850513.920000
850513.920000
850513.920000
850513.920000
850513.920000
850513.920000
850513.920000
850513.920000
850513.920000
850513.920000
1701027.840000
3402055.680000
6804111.360000
13608222.720000
27216445.440000
54432890.880000
108865781.760000
217731563.520000
141825146.880000
70912573.440000
35456286.720000
17728143.360000
8864071.680000
4432035.840000
2216017.920000
1108008.960000
554004.480000
554004.480000
554004.480000
554004.480000
554004.480000
554004.480000
554004.480000
554004.480000
554004.480000
554004.480000
554004.480000
554004.480000
554004.480000
554004.480000
554004.480000
554004.480000
554004.480000
554004.480000
554004.480000
554004.480000
554004.480000
554004.480000
554004.480000
554004.480000
554004.480000
554004.480000
554004.480000
554004.480000
554004.480000
554004.480000
1108008.960000
2216017.920000
4432035.840000
8864071.680000
17728143.360000
35456286.720000
70912573.440000
141825146.880000
27965521.920000
13982760.960000
6991380.480000
3495690.240000
1747845.120000
873922.560000
436961.280000
218480.640000
109240.320000
109240.320000
109240.320000
109240.320000
109240.320000
109240.320000
109240.320000
109240.320000
109240.320000
109240.320000
109240.320000
109240.320000
109240.320000
109240.320000
109240.320000
109240.320000
109240.320000
109240.320000
109240.320000
109240.320000
109240.320000
109240.320000
109240.320000
109240.320000
109240.320000
109240.320000
109240.320000
109240.320000
109240.320000
109240.320000
218480.640000
436961.280000
873922.560000
1747845.120000
3495690.240000
6991380.480000
13982760.960000
27965521.920000
69913804.800000
34956902.400000
17478451.200000
8739225.600000
4369612.800000
2184806.400000
1092403.200000
546201.600000
273100.800000
273100.800000
273100.800000
273100.800000
273100.800000
273100.800000
273100.800000
273100.800000
273100.800000
273100.800000
273100.800000
273100.800000
273100.800000
273100.800000
273100.800000
273100.800000
273100.800000
273100.800000
273100.800000
273100.800000
273100.800000
273100.800000
273100.800000
273100.800000
273100.800000
273100.800000
273100.800000
273100.800000
273100.800000
273100.800000
546201.600000
1092403.200000
2184806.400000
4369612.800000
8739225.600000
17478451.200000
34956902.400000
69913804.800000
73908879.360000
36954439.680000
18477219.840000
9238609.920000
4619304.960000
2309652.480000
1154826.240000
577413.120000
288706.560000
288706.560000
288706.560000
288706.560000
288706.560000
288706.560000
288706.560000
288706.560000
288706.560000
288706.560000
288706.560000
288706.560000
288706.560000
288706.560000
288706.560000
288706.560000
288706.560000
288706.560000
288706.560000
288706.560000
288706.560000
288706.560000
288706.560000
288706.560000
288706.560000
288706.560000
288706.560000
288706.560000
288706.560000
288706.560000
577413.120000
1154826.240000
2309652.480000
4619304.960000
9238609.920000
18477219.840000
36954439.680000
73908879.360000
79901491.200000
39950745.600000
19975372.800000
9987686.400000
4993843.200000
2496921.600000
1248460.800000
624230.400000
312115.200000
312115.200000
312115.200000
312115.200000
312115.200000
312115.200000
312115.200000
312115.200000
312115.200000
312115.200000
312115.200000
312115.200000
312115.200000
312115.200000
312115.200000
312115.200000
312115.200000
312115.200000
312115.200000
312115.200000
312115.200000
312115.200000
312115.200000
312115.200000
312115.200000
312115.200000
312115.200000
312115.200000
312115.200000
312115.200000
624230.400000
1248460.800000
2496921.600000
4993843.200000
9987686.400000
19975372.800000
39950745.600000
79901491.200000
139827609.600000
69913804.800000
34956902.400000
17478451.200000
8739225.600000
4369612.800000
2184806.400000
1092403.200000
546201.600000
546201.600000
546201.600000
546201.600000
546201.600000
546201.600000
546201.600000
546201.600000
546201.600000
546201.600000
546201.600000
546201.600000
546201.600000
546201.600000
546201.600000
546201.600000
546201.600000
546201.600000
546201.600000
546201.600000
546201.600000
546201.600000
546201.600000
546201.600000
546201.600000
546201.600000
546201.600000
546201.600000
546201.600000
546201.600000
1092403.200000
2184806.400000
4369612.800000
8739225.600000
17478451.200000
34956902.400000
69913804.800000
139827609.600000
41948282.880000
20974141.440000
10487070.720000
5243535.360000
2621767.680000
1310883.840000
655441.920000
327720.960000
163860.480000
163860.480000
163860.480000
163860.480000
163860.480000
163860.480000
163860.480000
163860.480000
163860.480000
163860.480000
163860.480000
163860.480000
163860.480000
163860.480000
163860.480000
163860.480000
163860.480000
163860.480000
163860.480000
163860.480000
163860.480000
163860.480000
163860.480000
163860.480000
163860.480000
163860.480000
163860.480000
163860.480000
163860.480000
163860.480000
327720.960000
655441.920000
1310883.840000
2621767.680000
5243535.360000
10487070.720000
20974141.440000
41948282.880000
53933506.560000
26966753.280000
13483376.640000
6741688.320000
3370844.160000
1685422.080000
842711.040000
421355.520000
210677.760000
210677.760000
210677.760000
210677.760000
210677.760000
210677.760000
210677.760000
210677.760000
210677.760000
210677.760000
210677.760000
210677.760000
210677.760000
210677.760000
210677.760000
210677.760000
210677.760000
210677.760000
210677.760000
210677.760000
210677.760000
210677.760000
210677.760000
210677.760000
210677.760000
210677.760000
210677.760000
210677.760000
210677.760000
210677.760000
421355.520000
842711.040000
1685422.080000
3370844.160000
6741688.320000
13483376.640000
26966753.280000
53933506.560000
33958133.760000
16979066.880000
8489533.440000
4244766.720000
2122383.360000
1061191.680000
530595.840000
265297.920000
132648.960000
132648.960000
132648.960000
132648.960000
132648.960000
132648.960000
132648.960000
132648.960000
132648.960000
132648.960000
132648.960000
132648.960000
132648.960000
132648.960000
132648.960000
132648.960000
132648.960000
132648.960000
132648.960000
132648.960000
132648.960000
132648.960000
132648.960000
132648.960000
132648.960000
132648.960000
132648.960000
132648.960000
132648.960000
132648.960000
265297.920000
530595.840000
1061191.680000
2122383.360000
4244766.720000
8489533.440000
16979066.880000
33958133.760000
49938432.000000
24969216.000000
12484608.000000
6242304.000000
3121152.000000
1560576.000000
780288.000000
390144.000000
195072.000000
195072.000000
195072.000000
195072.000000
195072.000000
195072.000000
195072.000000
195072.000000
195072.000000
195072.000000
195072.000000
195072.000000
195072.000000
195072.000000
195072.000000
195072.000000
195072.000000
195072.000000
195072.000000
195072.000000
195072.000000
195072.000000
195072.000000
195072.000000
195072.000000
195072.000000
195072.000000
195072.000000
195072.000000
195072.000000
390144.000000
780288.000000
1560576.000000
3121152.000000
6242304.000000
12484608.000000
24969216.000000
49938432.000000
39950745.600000
19975372.800000
9987686.400000
4993843.200000
2496921.600000
1248460.800000
624230.400000
312115.200000
156057.600000
156057.600000
156057.600000
156057.600000
156057.600000
156057.600000
156057.600000
156057.600000
156057.600000
156057.600000
156057.600000
156057.600000
156057.600000
156057.600000
156057.600000
156057.600000
156057.600000
156057.600000
156057.600000
156057.600000
156057.600000
156057.600000
156057.600000
156057.600000
156057.600000
156057.600000
156057.600000
156057.600000
156057.600000
156057.600000
312115.200000
624230.400000
1248460.800000
2496921.600000
4993843.200000
9987686.400000
19975372.800000
39950745.600000
77903953.920000
38951976.960000
19475988.480000
9737994.240000
4868997.120000
2434498.560000
1217249.280000
608624.640000
304312.320000
304312.320000
304312.320000
304312.320000
304312.320000
304312.320000
304312.320000
304312.320000
304312.320000
304312.320000
304312.320000
304312.320000
304312.320000
304312.320000
304312.320000
304312.320000
304312.320000
304312.320000
304312.320000
304312.320000
304312.320000
304312.320000
304312.320000
304312.320000
304312.320000
304312.320000
304312.320000
304312.320000
304312.320000
304312.320000
608624.640000
1217249.280000
2434498.560000
4868997.120000
9737994.240000
19475988.480000
38951976.960000
77903953.920000
19975372.800000
9987686.400000
4993843.200000
2496921.600000
1248460.800000
624230.400000
312115.200000
156057.600000
78028.800000
78028.800000
78028.800000
78028.800000
78028.800000
78028.800000
78028.800000
78028.800000
78028.800000
78028.800000
78028.800000
78028.800000
78028.800000
78028.800000
78028.800000
78028.800000
78028.800000
78028.800000
78028.800000
78028.800000
78028.800000
78028.800000
78028.800000
78028.800000
78028.800000
78028.800000
78028.800000
78028.800000
78028.800000
78028.800000
156057.600000
312115.200000
624230.400000
1248460.800000
2496921.600000
4993843.200000
9987686.400000
19975372.800000
19975372.800000
9987686.400000
4993843.200000
2496921.600000
1248460.800000
624230.400000
312115.200000
156057.600000
78028.800000
78028.800000
78028.800000
78028.800000
78028.800000
78028.800000
78028.800000
78028.800000
78028.800000
78028.800000
78028.800000
78028.800000
78028.800000
78028.800000
78028.800000
78028.800000
78028.800000
78028.800000
78028.800000
78028.800000
78028.800000
78028.800000
78028.800000
78028.800000
78028.800000
78028.800000
78028.800000
78028.800000
78028.800000
78028.800000
156057.600000
312115.200000
624230.400000
1248460.800000
2496921.600000
4993843.200000
9987686.400000
19975372.800000
55931043.840000
27965521.920000
13982760.960000
6991380.480000
3495690.240000
1747845.120000
873922.560000
436961.280000
218480.640000
218480.640000
218480.640000
218480.640000
218480.640000
218480.640000
218480.640000
218480.640000
218480.640000
218480.640000
218480.640000
218480.640000
218480.640000
218480.640000
218480.640000
218480.640000
218480.640000
218480.640000
218480.640000
218480.640000
218480.640000
218480.640000
218480.640000
218480.640000
218480.640000
218480.640000
218480.640000
218480.640000
218480.640000
218480.640000
436961.280000
873922.560000
1747845.120000
3495690.240000
6991380.480000
13982760.960000
27965521.920000
55931043.840000
19975372.800000
9987686.400000
4993843.200000
2496921.600000
1248460.800000
624230.400000
312115.200000
156057.600000
78028.800000
78028.800000
78028.800000
78028.800000
78028.800000
78028.800000
78028.800000
78028.800000
78028.800000
78028.800000
78028.800000
78028.800000
78028.800000
78028.800000
78028.800000
78028.800000
78028.800000
78028.800000
78028.800000
78028.800000
78028.800000
78028.800000
78028.800000
78028.800000
78028.800000
78028.800000
78028.800000
78028.800000
78028.800000
78028.800000
156057.600000
312115.200000
624230.400000
1248460.800000
2496921.600000
4993843.200000
9987686.400000
19975372.800000
23970447.360000
11985223.680000
5992611.840000
2996305.920000
1498152.960000
749076.480000
374538.240000
187269.120000
93634.560000
93634.560000
93634.560000
93634.560000
93634.560000
93634.560000
93634.560000
93634.560000
93634.560000
93634.560000
93634.560000
93634.560000
93634.560000
93634.560000
93634.560000
93634.560000
93634.560000
93634.560000
93634.560000
93634.560000
93634.560000
93634.560000
93634.560000
93634.560000
93634.560000
93634.560000
93634.560000
93634.560000
93634.560000
93634.560000
187269.120000
374538.240000
749076.480000
1498152.960000
2996305.920000
5992611.840000
11985223.680000
23970447.360000
65918730.240000
32959365.120000
16479682.560000
8239841.280000
4119920.640000
2059960.320000
1029980.160000
514990.080000
257495.040000
257495.040000
257495.040000
257495.040000
257495.040000
257495.040000
257495.040000
257495.040000
257495.040000
257495.040000
257495.040000
257495.040000
257495.040000
257495.040000
257495.040000
257495.040000
257495.040000
257495.040000
257495.040000
257495.040000
257495.040000
257495.040000
257495.040000
257495.040000
257495.040000
257495.040000
257495.040000
257495.040000
257495.040000
257495.040000
514990.080000
1029980.160000
2059960.320000
4119920.640000
8239841.280000
16479682.560000
32959365.120000
65918730.240000
121849774.080000
60924887.040000
30462443.520000
15231221.760000
7615610.880000
3807805.440000
1903902.720000
951951.360000
475975.680000
475975.680000
475975.680000
475975.680000
475975.680000
475975.680000
475975.680000
475975.680000
475975.680000
475975.680000
475975.680000
475975.680000
475975.680000
475975.680000
475975.680000
475975.680000
475975.680000
475975.680000
475975.680000
475975.680000
475975.680000
475975.680000
475975.680000
475975.680000
475975.680000
475975.680000
475975.680000
475975.680000
475975.680000
475975.680000
951951.360000
1903902.720000
3807805.440000
7615610.880000
15231221.760000
30462443.520000
60924887.040000
121849774.080000
41948282.880000
20974141.440000
10487070.720000
5243535.360000
2621767.680000
1310883.840000
655441.920000
327720.960000
163860.480000
163860.480000
163860.480000
163860.480000
163860.480000
163860.480000
163860.480000
163860.480000
163860.480000
163860.480000
163860.480000
163860.480000
163860.480000
163860.480000
163860.480000
163860.480000
163860.480000
163860.480000
163860.480000
163860.480000
163860.480000
163860.480000
163860.480000
163860.480000
163860.480000
163860.480000
163860.480000
163860.480000
163860.480000
163860.480000
327720.960000
655441.920000
1310883.840000
2621767.680000
5243535.360000
10487070.720000
20974141.440000
41948282.880000
45943357.440000
22971678.720000
11485839.360000
5742919.680000
2871459.840000
1435729.920000
717864.960000
358932.480000
179466.240000
179466.240000
179466.240000
179466.240000
179466.240000
179466.240000
179466.240000
179466.240000
179466.240000
179466.240000
179466.240000
179466.240000
179466.240000
179466.240000
179466.240000
179466.240000
179466.240000
179466.240000
179466.240000
179466.240000
179466.240000
179466.240000
179466.240000
179466.240000
179466.240000
179466.240000
179466.240000
179466.240000
179466.240000
179466.240000
358932.480000
717864.960000
1435729.920000
2871459.840000
5742919.680000
11485839.360000
22971678.720000
45943357.440000
135832535.040000
67916267.520000
33958133.760000
16979066.880000
8489533.440000
4244766.720000
2122383.360000
1061191.680000
530595.840000
530595.840000
530595.840000
530595.840000
530595.840000
530595.840000
530595.840000
530595.840000
530595.840000
530595.840000
530595.840000
530595.840000
530595.840000
530595.840000
530595.840000
530595.840000
530595.840000
530595.840000
530595.840000
530595.840000
530595.840000
530595.840000
530595.840000
530595.840000
530595.840000
530595.840000
530595.840000
530595.840000
530595.840000
530595.840000
1061191.680000
2122383.360000
4244766.720000
8489533.440000
16979066.880000
33958133.760000
67916267.520000
135832535.040000
107867013.120000
53933506.560000
26966753.280000
13483376.640000
6741688.320000
3370844.160000
1685422.080000
842711.040000
421355.520000
421355.520000
421355.520000
421355.520000
421355.520000
421355.520000
421355.520000
421355.520000
421355.520000
421355.520000
421355.520000
421355.520000
421355.520000
421355.520000
421355.520000
421355.520000
421355.520000
421355.520000
421355.520000
421355.520000
421355.520000
421355.520000
421355.520000
421355.520000
421355.520000
421355.520000
421355.520000
421355.520000
421355.520000
421355.520000
842711.040000
1685422.080000
3370844.160000
6741688.320000
13483376.640000
26966753.280000
53933506.560000
107867013.120000
155807907.840000
77903953.920000
38951976.960000
19475988.480000
9737994.240000
4868997.120000
2434498.560000
1217249.280000
608624.640000
608624.640000
608624.640000
608624.640000
608624.640000
608624.640000
608624.640000
608624.640000
608624.640000
608624.640000
608624.640000
608624.640000
608624.640000
608624.640000
608624.640000
608624.640000
608624.640000
608624.640000
608624.640000
608624.640000
608624.640000
608624.640000
608624.640000
608624.640000
608624.640000
608624.640000
608624.640000
608624.640000
608624.640000
608624.640000
1217249.280000
2434498.560000
4868997.120000
9737994.240000
19475988.480000
38951976.960000
77903953.920000
155807907.840000
59926118.400000
29963059.200000
14981529.600000
7490764.800000
3745382.400000
1872691.200000
936345.600000
468172.800000
234086.400000
234086.400000
234086.400000
234086.400000
234086.400000
234086.400000
234086.400000
234086.400000
234086.400000
234086.400000
234086.400000
234086.400000
234086.400000
234086.400000
234086.400000
234086.400000
234086.400000
234086.400000
234086.400000
234086.400000
234086.400000
234086.400000
234086.400000
234086.400000
234086.400000
234086.400000
234086.400000
234086.400000
234086.400000
234086.400000
468172.800000
936345.600000
1872691.200000
3745382.400000
7490764.800000
14981529.600000
29963059.200000
59926118.400000
283650293.760000
141825146.880000
70912573.440000
35456286.720000
17728143.360000
8864071.680000
4432035.840000
2216017.920000
1108008.960000
1108008.960000
1108008.960000
1108008.960000
1108008.960000
1108008.960000
1108008.960000
1108008.960000
1108008.960000
1108008.960000
1108008.960000
1108008.960000
1108008.960000
1108008.960000
1108008.960000
1108008.960000
1108008.960000
1108008.960000
1108008.960000
1108008.960000
1108008.960000
1108008.960000
1108008.960000
1108008.960000
1108008.960000
1108008.960000
1108008.960000
1108008.960000
1108008.960000
1108008.960000
2216017.920000
4432035.840000
8864071.680000
17728143.360000
35456286.720000
70912573.440000
141825146.880000
283650293.760000
/
